0 - Coordendas: [0.6652804544071406, 0.22951628825271467, 0.6759015632255067, 0.5739106827745349, 0.4076916132526858, 0.28858625162127105, 0.16222005842259007, 0.5602296695570659, 0.537459283387622, 0.12032022604191203]
 Tipo: B
1 - Coordendas: [0.6186225783548027, 0.2961500493583416, 0.6475777743383375, 0.5110628478349396, 0.4953507267310644, 0.5166117928763844, 0.11119766309639727, 0.36442465432388094, 0.5908794788273616, 0.3663762655992467]
 Tipo: B
2 - Coordendas: [0.2559083071305406, 0.13474827245804535, 0.25615229840581955, 0.17700556535903347, 0.44930937979597374, 0.2069240746283548, 0.07195715676728334, 0.24326224513709868, 0.49185667752442985, 0.38850953614316]
 Tipo: B
3 - Coordendas: [0.5141495080636982, 0.2428430404738401, 0.5301036991177837, 0.4150943396226415, 0.455628780355692, 0.33662576075027434, 0.16046738072054528, 0.32212327161940474, 0.4006514657980456, 0.18554273604897573]
 Tipo: B
4 - Coordendas: [0.484734760117659, 0.5868706811451136, 0.4787184646339575, 0.3860458802769105, 0.3045951069784238, 0.1307991619275666, 0.04033592989289192, 0.13065385516756503, 0.2833876221498371, 0.14904638568401232]
 Tipo: B
5 - Coordendas: [0.6754234709402577, 0.3272458045409674, 0.6720321931589535, 0.5813764083073163, 0.21865125936625443, 0.18532375536266588, 0.045204479065238556, 0.20189828919615654, 0.1908794788273616, 0.16435130680480342]
 Tipo: B
6 - Coordendas: [0.46039152043817827, 0.4461994076999013, 0.45735954186658406, 0.36039093253698923, 0.3846709397851405, 0.15609099072134092, 0.07390457643622202, 0.2669322709163347, 0.5602605863192182, 0.15352013185778193]
 Tipo: B
7 - Coordendas: [0.3234607972410995, 0.255182625863771, 0.3213124903265747, 0.2285869417673408, 0.5486142457344046, 0.28519405367654393, 0.026387536514118796, 0.15116006561987344, 1.0964169381107491, 0.4014598540145985]
 Tipo: B
8 - Coordendas: [0.251952530682625, 0.5577492596248766, 0.25259247794459055, 0.17089724446857604, 0.46736480996659757, 0.2708270976753467, 0.05287244401168452, 0.1762362315444106, 0.4280130293159608, 0.3870967741935484]
 Tipo: B
9 - Coordendas: [0.43909118571863276, 0.46051332675222106, 0.4335242222566165, 0.34016560336636353, 0.25963708585357054, 0.11757956699590943, 0.09028724440116845, 0.26130771033513006, 0.29706840390879485, 0.09700965387332233]
 Tipo: B
10 - Coordendas: [0.19342732528654022, 0.24333662388943733, 0.23216220399318985, 0.1364191665535496, 0.40805272185609825, 0.6468123316372345, 0.20949367088607596, 0.3365362081087415, 0.5485342019543974, 0.8770897103838006]
 Tipo: B
11 - Coordendas: [0.6642661527538289, 0.06071076011845996, 0.6828664293453024, 0.5642731098140356, 0.6903493725738016, 0.40536765439489175, 0.16740506329113924, 0.768221232716194, 0.8749185667752444, 0.3263480103602543]
 Tipo: B
12 - Coordendas: [0.6449944213409068, 0.3035538005923001, 0.6608884073672804, 0.5110628478349396, 0.49805904125665806, 0.6488077421929562, 0.28456669912366117, 0.8187250996015937, 0.5745928338762215, 0.3878031551683542]
 Tipo: B
13 - Coordendas: [0.7748250329648037, 0.7063178677196447, 0.7859464479182786, 0.7047644902945568, 0.33501850681592493, 0.312381522498254, 0.0755111976630964, 0.3464963674712913, 0.40716612377850164, 0.14386625853543675]
 Tipo: B
14 - Coordendas: [0.6378943097677249, 0.2492596248766041, 0.6338028169014083, 0.5540925749966065, 0.18885979958472515, 0.13523895041404768, 0.07938169425511198, 0.3102882587297867, 0.21237785016286645, 0.01483400047092062]
 Tipo: B
15 - Coordendas: [0.5273354295567502, 0.4012833168805528, 0.5262343290512305, 0.41753766797882447, 0.46826758147512865, 0.23510924872792574, 0.06061343719571567, 0.3446215139442231, 0.5472312703583061, 0.32493524841064303]
 Tipo: B
16 - Coordendas: [0.2846130439192617, 0.5049358341559724, 0.2835474384770159, 0.20496810099090537, 0.44930937979597374, 0.147510725331737, 0.016623661148977606, 0.09300445277712678, 0.1889250814332248, 0.3849776312691313]
 Tipo: B
17 - Coordendas: [0.5273354295567502, 0.5335636722606121, 0.5174121652994891, 0.4278539432604859, 0.24826216484607755, 0.08450563703481992, 0.05800876338851022, 0.20740567143191938, 0.4423452768729641, 0.09936425712267488]
 Tipo: B
18 - Coordendas: [0.3559184501470738, 0.47285291214215197, 0.36557808388794294, 0.2614361341115787, 0.42664981493184084, 0.3109847351092487, 0.07290652385589094, 0.1407311928755566, 0.7537459283387622, 0.2886743583706148]
 Tipo: B
19 - Coordendas: [0.4421340906785678, 0.5700888450148076, 0.4440489088376412, 0.3434233745079408, 0.31560891938250435, 0.2110645515314776, 0.12495131450827654, 0.22252167799390674, 0.2781758957654723, 0.29997645396750655]
 Tipo: B
20 - Coordendas: [0.19971599553707267, 0.2986179664363277, 0.23138832997987926, 0.13804805212433824, 0.379073756432247, 0.5031427716252619, 0.22548685491723466, 0.27044762127958755, 0.15960912052117265, 0.449258299976454]
 Tipo: B
21 - Coordendas: [0.4492342022517497, 0.05478775913129317, 0.45735954186658406, 0.3526537260757432, 0.3710390900063194, 0.21655193055971267, 0.085491723466407, 0.30735880009374267, 0.39543973941368066, 0.2020249587944431]
 Tipo: B
22 - Coordendas: [0.7626534131250634, 0.058242843040473835, 0.7814579786410771, 0.6749015881634315, 0.5188227859528755, 0.43130799161927563, 0.215238558909445, 0.677056479962503, 0.5185667752442995, 0.2700729927007298]
 Tipo: B
23 - Coordendas: [0.6480373263008418, 0.3297137216189536, 0.6548521900634574, 0.5565359033527895, 0.16719328337997658, 0.24847849945126207, 0.1969814995131451, 0.3280993672369346, 0.2358306188925081, 0.13374146456322106]
 Tipo: B
24 - Coordendas: [0.6967238056598032, 0.370187561697927, 0.6910694938863952, 0.60431654676259, 0.31795612530468537, 0.18916492068243038, 0.03456669912366115, 0.13370049214905086, 0.36091205211726374, 0.1495173063338828]
 Tipo: B
25 - Coordendas: [0.8853839131757786, 0.20829220138203353, 0.9009441262962388, 0.8391475498846206, 0.379073756432247, 0.35508330839070135, 0.1736854917234664, 0.6952191235059761, 0.49250814332247556, 0.11019543206969636]
 Tipo: B
26 - Coordendas: [0.4796632518511006, 0.34353405725567626, 0.4787184646339575, 0.38020904031491787, 0.4736842105263158, 0.18711962486281553, 0.08743914313534566, 0.30466369814858213, 0.18175895765472305, 0.16246762420532151]
 Tipo: B
27 - Coordendas: [0.45126280555837306, 0.28035538005923, 0.45302584739204455, 0.3479028098276096, 0.39505281213324916, 0.22672852439389407, 0.0852726387536514, 0.3368877431450668, 0.4390879478827361, 0.1436307982105016]
 Tipo: B
28 - Coordendas: [0.2796429658180343, 0.11154985192497532, 0.2700820306454109, 0.1968236731369621, 0.35993500045138577, 0.08769829392397487, 0.0, 0.0, 0.5491856677524429, 0.2747821991994349]
 Tipo: B
29 - Coordendas: [0.7565676032051932, 0.269990128331688, 0.7766599597585512, 0.6740871453780372, 0.4249345490656315, 0.3923974857826998, 0.2065968841285297, 0.6482306069838294, 0.43257328990228006, 0.1944902283965153]
 Tipo: B
30 - Coordendas: [0.6105081651283092, 0.5463968410661403, 0.6147655161739668, 0.5102484050495452, 0.5495170172429359, 0.2616482091190262, 0.07633885102239532, 0.3099367236934615, 0.9641693811074918, 0.19590299034612674]
 Tipo: B
31 - Coordendas: [0.1255705446799878, 0.5424481737413622, 0.14672651292369604, 0.08198724039636215, 0.3739279588336192, 0.5340716352389504, 0.32156767283349563, 0.2540426529177408, 0.7570032573289902, 0.707793736755357]
 Tipo: B
32 - Coordendas: [0.42286235926564564, 0.1663376110562685, 0.4191301656090388, 0.32360526673001216, 0.40543468448135783, 0.13813229571984437, 0.04824732229795521, 0.20928052495898758, 0.5016286644951139, 0.2001412761949612]
 Tipo: B
33 - Coordendas: [0.6257226899279846, 0.2778874629812438, 0.6426249806531495, 0.5367177955748608, 0.37203213866570384, 0.306993913997805, 0.22621713729308665, 0.4081321771736583, 0.4964169381107491, 0.22415822933835652]
 Tipo: B
34 - Coordendas: [0.4837204584643473, 0.516781836130306, 0.5000773874013309, 0.37505090267408714, 0.5079895278505011, 0.45225980245435493, 0.16657740993184034, 0.43801265526130767, 0.6078175895765472, 0.2820814692724277]
 Tipo: B
35 - Coordendas: [0.5435642560097373, 0.6174728529121422, 0.5581179383996283, 0.4357268901859644, 0.4384761216935994, 0.38940436994911704, 0.1307205452775073, 0.33067729083665337, 0.3198697068403908, 0.3546032493524843]
 Tipo: B
36 - Coordendas: [0.541535652703114, 0.13228035538005922, 0.5426404581334157, 0.4351839283290349, 0.4529204658300985, 0.23131796867205426, 0.09705452775073029, 0.43355987813452074, 0.5856677524429966, 0.1648222274546739]
 Tipo: B
37 - Coordendas: [0.3731615782533726, 0.26850937808489633, 0.3668162823092399, 0.279761096782951, 0.31858806536065726, 0.09767534670258407, 0.0, 0.0, 0.565472312703583, 0.16953143395337883]
 Tipo: B
38 - Coordendas: [0.1714169794096764, 0.23395853899308977, 0.16452561522984058, 0.11361476856250846, 0.3498239595558365, 0.09637832984136487, 0.0, 0.0, 0.4312703583061888, 0.3458912173298798]
 Tipo: B
39 - Coordendas: [0.6115224667816208, 0.6174728529121422, 0.5915492957746479, 0.5197502375458124, 0.0891938250428816, -0.02025341714057666, 0.0038826679649464463, 0.021701429575814387, 0.21824104234527694, -0.004944666823640261]
 Tipo: B
40 - Coordendas: [0.591236433715387, 0.16535044422507403, 0.5804055099829748, 0.49585991584091216, 0.3138033763654419, 0.0713359273670558, 0.022378286270691335, 0.15584719943754394, 0.2644951140065147, 0.2067341652931482]
 Tipo: B
41 - Coordendas: [0.4492342022517497, 0.2571569595261599, 0.46030026311716443, 0.3508891000407221, 0.3426920646384401, 0.28988326848249024, 0.15046251217137294, 0.27665807358800093, 0.06970684039087947, 0.2265128325877091]
 Tipo: B
42 - Coordendas: [0.5871792271021401, 0.577492596248766, 0.5917040705773099, 0.4939595493416587, 0.3147061478739731, 0.2123615683926968, 0.07575462512171373, 0.3355987813452074, 0.41302931596091197, 0.2429950553331763]
 Tipo: B
43 - Coordendas: [0.5324069378233087, 0.48617966436327736, 0.5378424392508899, 0.4309759739378308, 0.39026812313803383, 0.2864910705377631, 0.10192307692307692, 0.48125146472931807, 0.5986970684039087, 0.1784789263009184]
 Tipo: B
44 - Coordendas: [0.2936403286337356, 0.37314906219151034, 0.2960841974926482, 0.20618976516899684, 0.5079895278505011, 0.24383916990920879, 0.0427458617332035, 0.22873213030232012, 0.5693811074918566, 0.24252413468330597]
 Tipo: B
45 - Coordendas: [0.6216654833147378, 0.6332675222112537, 0.6690914719083731, 0.523822451472784, 0.4294484066082875, 0.6228674049685722, 0.21190360272638753, 0.5978439184438716, 0.514657980456026, 0.48387096774193555]
 Tipo: B
46 - Coordendas: [0.49284917334415257, 0.45557749259624886, 0.4909456740442656, 0.38618162074114293, 0.3257199602780536, 0.22727726229671757, 0.06497078870496592, 0.16322943520037497, 0.30814332247556997, 0.18883918059806923]
 Tipo: B
47 - Coordendas: [0.6764377725935694, 0.17028627838104637, 0.682402104937316, 0.5774399348445771, 0.395684752189221, 0.3176194752070239, 0.0946445959104187, 0.3003280993672369, 0.19543973941368084, 0.2564162938544855]
 Tipo: B
48 - Coordendas: [0.6673090577137641, 0.20681145113524185, 0.6933911159263271, 0.5671236595629157, 0.4736842105263158, 0.4777012870398084, 0.19133398247322297, 0.5215608155612843, 0.5876221498371336, 0.24676242053214045]
 Tipo: B
49 - Coordendas: [0.3244750988944112, 0.38598223099703854, 0.33013465407831605, 0.2302158273381295, 0.48271192561162773, 0.3071934550533772, 0.043037974683544304, 0.22439653152097494, 0.5537459283387621, 0.38921591711796577]
 Tipo: B
50 - Coordendas: [0.6378943097677249, 0.36080947680157943, 0.6308620956508278, 0.5468983303922899, 0.2872618940146249, 0.1321959493165719, 0.0865141187925998, 0.2877900164049684, 0.2840390879478828, 0.09865787614786908]
 Tipo: B
51 - Coordendas: [0.35084694188051524, 0.2838104639684107, 0.353350874477635, 0.25261300393647346, 0.47548975354337825, 0.26828294921680135, 0.016170886075949367, 0.14248886805718305, 0.47426710097719854, 0.2813750882976219]
 Tipo: B
52 - Coordendas: [0.5719647023024647, 0.7038499506416585, 0.5813341587989473, 0.47902809827609605, 0.2383316782522344, 0.25865509328544345, 0.13237585199610516, 0.23857511131942816, 0.2957654723127036, 0.17989168825052984]
 Tipo: B
53 - Coordendas: [0.42996247083882755, 1.1895360315893388, 0.41789196718774185, 0.3302565494773992, 0.22722758869730067, 0.061358874588446584, 0.012091041869522883, 0.0753925474572299, 0.5114006514657979, 0.13491876618789733]
 Tipo: B
54 - Coordendas: [0.7149812354194137, 0.5695952615992103, 0.7119640922457824, 0.6242703950047509, 0.34368511329782436, 0.2295220991719046, 0.03558909444985394, 0.22217014295758145, 0.2977198697068404, 0.13656698846244408]
 Tipo: B
55 - Coordendas: [0.734252966832336, 0.895360315893386, 0.7546819377805292, 0.6520971901723903, 0.26722036652523246, 0.4013768332834481, 0.26850048685491723, 0.5165221467072885, 0.18371335504886002, 0.20579232399340708]
 Tipo: B
56 - Coordendas: [0.6754234709402577, 0.29072063178677193, 0.6746633648042096, 0.5861273245554499, 0.37555294754897534, 0.21380824104559512, 0.11453261927945473, 0.4371924068432154, 0.4280130293159608, 0.09536143159877557]
 Tipo: B
57 - Coordendas: [0.5516786692362309, 0.2630799605133267, 0.5389258628695247, 0.4520157458938509, 0.24040805272185609, 0.05232964182380526, 0.02563291139240506, 0.1298336067494727, 0.3166123778501628, 0.117494702142689]
 Tipo: B
58 - Coordendas: [0.6865807891266863, 0.6939782823297137, 0.6926172419130165, 0.606081172797611, 0.25097047937167105, 0.22263793275466429, 0.11433787731256086, 0.27466604171549097, 0.46449511400651466, 0.040970096538733194]
 Tipo: B
59 - Coordendas: [0.3549041484937621, 0.5009871668311945, 0.35489862250425624, 0.2636079815392968, 0.49083686918840846, 0.18093385214007782, 0.11759980525803311, 0.3597375205062105, 0.44104234527687286, 0.2790204850482694]
 Tipo: B
60 - Coordendas: [0.4583629171315549, 0.4313919052319842, 0.4564308930506113, 0.35821908510927103, 0.3685113297824322, 0.18193155741793876, 0.06421616358325219, 0.24244199671900632, 0.5042345276872964, 0.15987756063103364]
 Tipo: B
61 - Coordendas: [0.6703519626736991, 0.5987166831194471, 0.6712583191456429, 0.5667164381702186, 0.24311636724744973, 0.295071335927367, 0.09912366114897761, 0.250996015936255, 0.3745928338762215, 0.14221803626089013]
 Tipo: B
62 - Coordendas: [0.5973222436352571, 0.32082922013820336, 0.5972759634731464, 0.5004750916248134, 0.37573350185068166, 0.19330539758555326, 0.0949367088607595, 0.18924302788844624, 0.6188925081433224, 0.12102660701671768]
 Tipo: B
63 - Coordendas: [0.7413530784055177, 0.35093780848963474, 0.7198576071815507, 0.6639066105606081, 0.10526315789473684, 0.016512022348598228, 0.017648490749756572, 0.07323646590110149, 0.2918566775244299, 0.028490699317165125]
 Tipo: B
64 - Coordendas: [0.43706258241200924, 0.1643632773938795, 0.44017953877108806, 0.33188543504818785, 0.4126568565496073, 0.26259602913299407, 0.07947906523855891, 0.3228263416920553, 0.4618892508143322, 0.2389922298092773]
 Tipo: B
65 - Coordendas: [0.28004868647935904, 0.2941757156959526, 0.2741061755146262, 0.19872403963621552, 0.34070596731967145, 0.11698094382919287, 0.026850048685491724, 0.16486993203655964, 0.6651465798045603, 0.24888156345655751]
 Tipo: B
66 - Coordendas: [0.4979206816107111, 0.37759131293188547, 0.5016251354279523, 0.3964978960228044, 0.630766453010743, 0.24274169410356178, 0.14432814021421617, 0.8675884696508085, 0.6221498371335504, 0.14598540145985398]
 Tipo: B
67 - Coordendas: [0.5993508469418806, 0.29565646594274425, 0.623587679925708, 0.5064476720510385, 0.23065812042971925, 0.3609697695300808, 0.27142161635832524, 0.3972345910475744, 0.24234527687296412, 0.16011302095596897]
 Tipo: B
68 - Coordendas: [0.567907495689218, 0.42892398815399796, 0.5578083887943042, 0.4689833039228994, 0.2825674821702628, 0.09338521400778212, 0.004527750730282376, 0.034262948207171316, 0.41498371335504874, 0.14127619496114902]
 Tipo: B
69 - Coordendas: [0.5029921898772695, 0.5454096742349458, 0.5274725274725275, 0.4038278810913533, 0.301706238151124, 0.38740895939339515, 0.16002921129503409, 0.4442231075697211, 0.34397394136807813, 0.3557805509771604]
 Tipo: B
70 - Coordendas: [0.5993508469418806, 0.1683119447186574, 0.5896919981427022, 0.5054974888014117, 0.1527489392434775, 0.06909109049186869, 0.055014605647517034, 0.13721584251230373, 0.180456026058632, 0.07676006592889097]
 Tipo: B
71 - Coordendas: [0.8093112891774015, 0.46347482724580463, 0.8240210493731619, 0.738156644495724, 0.3366434955312811, 0.37309188865609094, 0.14459591041869524, 0.5646824466838528, 0.5335504885993485, 0.14056981398634338]
 Tipo: B
72 - Coordendas: [0.49386347499746425, 0.3825271470878579, 0.491409998452252, 0.3925614225600651, 0.2806716620023473, 0.16452160031926566, 0.06543330087633885, 0.2671666276072182, 0.530944625407166, 0.10831174947021428]
 Tipo: B
73 - Coordendas: [0.6886093924333097, 0.17571569595261594, 0.6851880513852344, 0.5961721189086467, 0.3552405886070237, 0.19340516811333933, 0.025876338851022397, 0.22463088821185845, 0.3465798045602606, 0.1546974334824582]
 Tipo: B
74 - Coordendas: [0.3985191195861649, 0.13030602171767025, 0.3923541247484909, 0.29890050223971765, 0.2938521260269027, 0.11857727227377034, 0.030087633885102237, 0.16041715490977268, 0.25342019543973937, 0.18271721214975287]
 Tipo: B
75 - Coordendas: [0.3559184501470738, 0.43928923988153995, 0.35706546974152603, 0.2589928057553957, 0.48903132617134615, 0.21620273371246135, 0.055915287244401174, 0.208577454886337, 0.2749185667752443, 0.3166941370379092]
 Tipo: B
76 - Coordendas: [0.45430571051830826, 0.41707798617966435, 0.46122891193313725, 0.3523822451472784, 0.3240949715626975, 0.266886161827796, 0.08140214216163583, 0.17600187485352708, 0.22866449511400652, 0.23263480103602546]
 Tipo: B
77 - Coordendas: [0.46850593366467186, 0.7295162882527146, 0.47113449930351337, 0.371521650604045, 0.1996027805362463, 0.1668163224583458, 0.04805258033106134, 0.15385516756503398, 0.5700325732899022, 0.14669178243465977]
 Tipo: B
78 - Coordendas: [0.630794198194543, 0.30157946692991117, 0.6234329051230457, 0.5345459481471425, 0.2932201859709308, 0.14501646213708472, 0.003556475170399221, 0.038211858448558705, 0.3726384364820847, 0.15045914763362375]
 Tipo: B
79 - Coordendas: [0.5861649254488285, 0.18065153010858828, 0.5958829902491874, 0.48948011402198993, 0.31876861966236353, 0.2795570188566297, 0.09863680623174294, 0.2985704241856105, 0.35244299674267093, 0.20838238756769495]
 Tipo: B
80 - Coordendas: [0.16391114717516986, 0.4387956564659428, 0.15941804674199045, 0.1054703407085652, 0.4944479552225332, 0.17474807941734014, 0.0, 0.0, 0.7185667752442996, 0.4954085236637628]
 Tipo: B
81 - Coordendas: [0.5587787808094128, 0.3524185587364265, 0.547902801423928, 0.4589385095697027, 0.2932201859709308, 0.07432904320063853, 0.010888510223953263, 0.07526365127724396, 0.1009771986970684, 0.09842241582293393]
 Tipo: B
82 - Coordendas: [0.5273354295567502, 0.2156959526159921, 0.5178764897074756, 0.43151893579476036, 0.2230748397580573, 0.04330040905916394, 0.02733690360272639, 0.059186782282634166, 0.3993485342019544, 0.09277136802448786]
 Tipo: B
83 - Coordendas: [0.20904757074754032, 0.4536031589338598, 0.2519733787339421, 0.13709786887471154, 0.42475399476392534, 0.8668063454055672, 0.4807692307692308, 0.5751113194281696, 0.8273615635179152, 0.8212856133741464]
 Tipo: B
84 - Coordendas: [0.5526929708895425, 0.359822309970385, 0.5387710880668626, 0.45310166960771003, 0.20709578405705514, 0.055372642921281065, 0.03266796494644596, 0.19908600890555428, 0.26840390879478826, 0.07205085943018603]
 Tipo: B
85 - Coordendas: [0.5770362105690232, 0.3746298124383021, 0.5797864107723262, 0.4702049681009908, 0.4529204658300985, 0.2653896039110047, 0.07772638753651412, 0.24689477384579328, 0.4214983713355048, 0.17165057687779606]
 Tipo: B
86 - Coordendas: [0.7230956486459073, 0.1564659427443238, 0.7156786875096733, 0.6420523958191937, 0.36526135235171986, 0.14776015165120227, 0.0429649464459591, 0.32024841809233656, 0.20390879478827365, 0.10477984459618561]
 Tipo: B
87 - Coordendas: [0.6084795618216858, 0.47581441263573554, 0.6303977712428415, 0.5029184199809963, 0.389636183082062, 0.4442781602314676, 0.17300389483933787, 0.34567611905319895, 0.4566775244299674, 0.30256651754179426]
 Tipo: B
88 - Coordendas: [0.6094938634749975, 0.22309970384995065, 0.623587679925708, 0.5033256413736934, 0.379073756432247, 0.3801755961289035, 0.0909931840311587, 0.2458401687368174, 0.3856677524429968, 0.4669178243465977]
 Tipo: B
89 - Coordendas: [0.31128917740135925, 0.38598223099703854, 0.31914564308930493, 0.22709379666078458, 0.4339622641509434, 0.24852838471515515, 0.061124634858812074, 0.20799156315912817, 0.5407166123778501, 0.2533553096303275]
 Tipo: B
90 - Coordendas: [0.26625418399431994, 0.3519249753208292, 0.27627302275189597, 0.1859644359983711, 0.2905118714453372, 0.3434101566397286, 0.20501460564751706, 0.2685727677525193, 0.635830618892508, 0.44031080762891445]
 Tipo: B
91 - Coordendas: [0.4137336443858404, 0.2591312931885489, 0.42872620337409056, 0.31274602959142117, 0.4574343233727544, 0.33687518706973957, 0.1313777994157741, 0.3914928521209281, 0.46644951140065144, 0.3889804567930306]
 Tipo: B
92 - Coordendas: [0.33258951212090476, 0.246791707798618, 0.3468503327658257, 0.24175376679788246, 0.4169901597905571, 0.33996807343110846, 0.0871713729308666, 0.23869228966486994, 0.37328990228013026, 0.4120555686366848]
 Tipo: B
93 - Coordendas: [0.7890252561111675, 0.24827245804540968, 0.7905896919981427, 0.7129089181485001, 0.3260810688814661, 0.271176294522598, 0.11217137293086661, 0.4134052027185376, 0.30032573289902287, 0.1546974334824582]
 Tipo: B
94 - Coordendas: [0.45532001217161994, 0.31194471865745316, 0.4524067481813959, 0.3518392832903488, 0.344226776202943, 0.17669360470916895, 0.0629746835443038, 0.2720881181157722, 0.3739413680781758, 0.2630091829526725]
 Tipo: B
95 - Coordendas: [0.4745917435845421, 0.36327739387956565, 0.46293143476242066, 0.3766797882448758, 0.20745689266046763, 0.06415244936645714, 0.020219084712755596, 0.13616123740332786, 0.39804560260586314, 0.11207911466917826]
 Tipo: B
96 - Coordendas: [0.42184805761233396, 0.21520236920039487, 0.4248568333075374, 0.3272702592642867, 0.18154735036562245, 0.18557318168213108, 0.10966407010710807, 0.17236934614483246, 0.41042345276872966, 0.19496114904638578]
 Tipo: B
97 - Coordendas: [0.6155796733948677, 0.4383020730503455, 0.6392199349945829, 0.5002036106963486, 0.5016701272907828, 0.5335727826000198, 0.23376338851022396, 0.6565502695101946, 0.6351791530944624, 0.29338356486931955]
 Tipo: B
98 - Coordendas: [0.2490110558880211, 0.4249753208292201, 0.2481040086673889, 0.18338536717795575, 0.43576780716800584, 0.18018557318168213, 0.06596884128529698, 0.1647527536911179, 0.2905537459283388, 0.40122439368966334]
 Tipo: B
99 - Coordendas: [0.5638502890759711, 0.4126357354392893, 0.551462621885157, 0.4729197773856386, 0.19617224880382772, 0.015264890751272076, 0.0029065238558909443, 0.06385048043121631, 0.30488599348534196, -0.016482222745467373]
 Tipo: B
100 - Coordendas: [0.6409372147276601, 0.5853899308983218, 0.6415415570345145, 0.5464911089995927, 0.2996298636815022, 0.20098772822508226, 0.08140214216163583, 0.28404030935083197, 0.49185667752442985, 0.1038380032964445]
 Tipo: B
101 - Coordendas: [0.5861649254488285, 0.4506416584402764, 0.5893824485373781, 0.4792995792045609, 0.3983930667148145, 0.2797565599122019, 0.06543330087633885, 0.20869463323177875, 0.45537459283387616, 0.21850718153991064]
 Tipo: B
102 - Coordendas: [0.651080231260777, 0.3573543928923988, 0.6452561522984057, 0.5550427582462332, 0.24140110138124038, 0.16721540456949013, 0.05309152872444012, 0.17260370283571597, 0.38436482084690554, 0.10501530492112078]
 Tipo: B
103 - Coordendas: [0.5303783345166854, 0.41016781836130306, 0.534282618789661, 0.4274467218677887, 0.35821973458517653, 0.24099570986730515, 0.10691333982473224, 0.23752050621045231, 0.41368078175895767, 0.15563927478219916]
 Tipo: B
104 - Coordendas: [0.8326402272035703, 0.1727541954590326, 0.8336170871382138, 0.771413058232659, 0.2437483073034216, 0.2289733612690811, 0.08259493670886077, 0.3113428638387626, 0.4306188925081433, 0.06804803390628689]
 Tipo: B
105 - Coordendas: [0.6804949792068161, 0.3139190523198421, 0.6817830057266676, 0.5912854621962808, 0.27435226144262886, 0.20103761348897536, 0.06222005842259007, 0.2379892195922194, 0.5289902280130293, 0.09748057452319281]
 Tipo: B
106 - Coordendas: [0.9320417892281166, 0.3139190523198421, 0.9674972914409532, 0.8755259942989004, 0.4168096054888508, 0.6004190362167017, 0.16190360272638754, 0.6324115303491914, 0.6058631921824104, 0.3101012479397222]
 Tipo: B
107 - Coordendas: [0.36403286337356733, 0.5187561697926949, 0.40798637981736574, 0.2644224243246912, 0.34395594475038377, 0.7111643220592638, 0.555014605647517, 0.6961565502695102, 0.7348534201954396, 0.7522957381681189]
 Tipo: B
108 - Coordendas: [0.43503397910538594, 0.16041461006910168, 0.4545735954186657, 0.3295778471562373, 0.6415997111131173, 0.4372942232864412, 0.19230769230769232, 0.6503398172017811, 0.6241042345276873, 0.39062867906757703]
 Tipo: B
109 - Coordendas: [0.5141495080636982, 0.6421520236920039, 0.5410927101067945, 0.4130582326591557, 0.15094339622641506, 0.4183378230070837, 0.19335443037974684, 0.34895711272556834, 0.09315960912052121, 0.33058629620908875]
 Tipo: B
110 - Coordendas: [0.5486357642762958, 0.38351431391905233, 0.5703451478099364, 0.4335550427582462, 0.46555926694953514, 0.5300808141275067, 0.14342745861733203, 0.3374736348722756, 0.4684039087947882, 0.313868613138686]
 Tipo: B
111 - Coordendas: [0.6997667106197384, 0.31836130306021715, 0.6899860702677604, 0.6150400434369485, 0.15915861695404895, 0.12406465130200539, 0.0497809152872444, 0.09968361846730725, 0.35635179153094465, 0.051565811160819354]
 Tipo: B
112 - Coordendas: [0.7180241403793489, 0.3687068114511352, 0.7113449930351338, 0.632007601465997, 0.2511510336733772, 0.15050384116531976, 0.06526290165530672, 0.3809468010311694, 0.37850162866449505, 0.11984930539204139]
 Tipo: B
113 - Coordendas: [0.4137336443858404, 0.2527147087857848, 0.4104627766599597, 0.31858286955341386, 0.22370677981402914, 0.12092187967674349, 0.06601752677702044, 0.084907429107101, 0.3094462540716612, 0.2258064516129033]
 Tipo: B
114 - Coordendas: [0.5019778882239578, 0.05923000987166828, 0.5006964866119795, 0.4061354689833039, 0.3258102374289067, 0.1445674947620473, 0.06343719571567673, 0.2104523084134052, 0.35244299674267093, 0.06734165293148109]
 Tipo: B
115 - Coordendas: [0.5435642560097373, 0.2586377097729516, 0.5339730691843367, 0.4419709515406543, 0.3086575787668141, 0.11109448268981344, 0.051338851022395326, 0.2406843215373799, 0.33289902280130285, 0.10666352719566753]
 Tipo: B
116 - Coordendas: [0.40156202454609996, 0.4383020730503455, 0.4117009750812567, 0.30745215148635807, 0.4312539496253499, 0.2552130100768233, 0.12035053554040895, 0.3435669088352472, 0.27752442996742677, 0.32022604191193793]
 Tipo: B
117 - Coordendas: [0.5952936403286337, 0.5755182625863772, 0.6011453335396996, 0.5035971223021583, 0.2065541211519364, 0.2979147959692707, 0.1491236611489776, 0.21877197093977033, 0.33876221498371334, 0.20226041911937842]
 Tipo: B
118 - Coordendas: [0.5364641444365554, 0.4052319842053308, 0.5358303668162822, 0.43789873761368264, 0.30892841021937345, 0.20862017360071833, 0.07816455696202532, 0.31087415045699557, 0.5902280130293158, 0.08052743112785496]
 Tipo: B
119 - Coordendas: [0.2458667207627548, 0.5918065153010859, 0.24469896300882216, 0.17334057282475904, 0.46736480996659757, 0.19031228175197049, 0.049829600778967864, 0.14729318022029528, 0.6286644951140066, 0.3169295973628444]
 Tipo: B
120 - Coordendas: [0.7819251445379856, 0.21076011846001974, 0.842439250889955, 0.6958056196552193, 0.455628780355692, 0.7989623865110248, 0.3529698149951314, 0.7382235762831029, 0.6684039087947883, 0.5064751589357195]
 Tipo: B
121 - Coordendas: [0.677452074246881, 0.4649555774925962, 0.706856523757932, 0.5861273245554499, 0.34251151033673377, 0.45525291828793774, 0.23507789678675756, 0.5638621982657606, 0.5133550488599348, 0.21803626089004]
 Tipo: B
122 - Coordendas: [0.38736180139973636, 0.6056268509378085, 0.38693700665531655, 0.29374236459888686, 0.31940055971833536, 0.16956001197246337, 0.0879746835443038, 0.16451839700023435, 0.622801302931596, 0.1700023546032493]
 Tipo: B
123 - Coordendas: [0.4208337559590223, 0.34106614017769005, 0.4129391735025537, 0.32251934301615315, 0.2607204116638079, 0.07432904320063853, 0.03332521908471276, 0.16053433325521443, 0.29381107491856684, 0.21026607016717688]
 Tipo: B
124 - Coordendas: [0.5821077188355818, 0.3928923988153999, 0.5756074911004488, 0.48567938102348307, 0.23769973819626256, 0.10865010475905419, 0.03412852969814995, 0.21502226388563395, 0.25993485342019546, 0.06804803390628689]
 Tipo: B
125 - Coordendas: [0.5496500659296075, 0.393385982230997, 0.5831914564308929, 0.4402063255056332, 0.4763925250519094, 0.5395590142671854, 0.18843719571567674, 0.3279821888914929, 0.48925081433224754, 0.4348952201554039]
 Tipo: B
126 - Coordendas: [0.7991682726442844, 0.35686080947680165, 0.7908992416034668, 0.7196959413601195, 0.33050464927326895, 0.23595729821410752, 0.08145082765335929, 0.3371220998359503, 0.3342019543973941, 0.10548622557099126]
 Tipo: B
127 - Coordendas: [0.7159955370727253, 0.30947680157946694, 0.7118093174431201, 0.6348581512148772, 0.28843549697571547, 0.17714257208420633, 0.08602726387536515, 0.3449730489805484, 0.426058631921824, 0.1514009889333647]
 Tipo: B
128 - Coordendas: [0.40460492950603516, 0.3696939782823297, 0.43244079863798174, 0.3094882584498439, 0.32969215491559084, 0.4382919285643021, 0.23020934761441092, 0.42336536208108744, 0.27947882736156354, 0.32611255003531914]
 Tipo: B
129 - Coordendas: [0.7930824627244143, 0.3923988153998026, 0.8062219470670172, 0.7211890864666756, 0.35352532274081433, 0.3265489374438791, 0.09905063291139239, 0.2648230606983829, 0.5426710097719869, 0.14857546503414185]
 Tipo: B
130 - Coordendas: [0.6490516279541536, 1.0370187561697928, 0.6585667853273486, 0.5615583005293878, 0.35948361469712026, 0.2535169111044598, 0.0686222005842259, 0.3824701195219124, 0.20521172638436488, 0.17918530727572404]
 Tipo: B
131 - Coordendas: [0.7525103965919465, 0.8529121421520237, 0.7500386937006653, 0.6822315732319805, 0.15636002527760223, 0.1436196747480794, 0.08461538461538462, 0.2035387860323412, 0.4214983713355048, 0.041911937838474314]
 Tipo: B
132 - Coordendas: [0.46850593366467186, 0.42694965449160904, 0.4657173812103388, 0.3654133297135876, 0.29294935451837145, 0.1751471615284845, 0.08196202531645569, 0.20822591985001174, 0.29706840390879485, 0.14221803626089013]
 Tipo: B
133 - Coordendas: [0.627751293234608, 0.4200394866732477, 0.6266831759789505, 0.5345459481471425, 0.19888056332942136, 0.1820812132096179, 0.11828140214216164, 0.33630185141785796, 0.25667752442996744, 0.069225335530963]
 Tipo: B
134 - Coordendas: [0.6348514048077899, 0.5143139190523198, 0.6667698498684413, 0.5421474141441563, 0.2727272727272727, 0.4931657188466527, 0.24586173320350538, 0.3319662526365128, 0.35244299674267093, 0.27713680244878747]
 Tipo: B
135 - Coordendas: [0.4705345369712952, 0.41806515301085884, 0.5044110818758705, 0.3601194516085245, 0.5856278775841834, 0.6228674049685722, 0.24829600778967867, 0.6519803140379659, 0.5843648208469056, 0.470920649870497]
 Tipo: B
136 - Coordendas: [0.5131352064103863, 0.9096742349457059, 0.5116854976009904, 0.4159087824080358, 0.3149769793265325, 0.18238052479297615, 0.05761927945472249, 0.2785329271150691, 0.5172638436482084, 0.10430892394631514]
 Tipo: B
137 - Coordendas: [0.7322243635257125, 0.5340572556762093, 0.7525150905432594, 0.644631464639609, 0.3311365893292408, 0.43579766536964976, 0.12324732229795521, 0.3583313803609093, 0.2905537459283388, 0.1775370850011773]
 Tipo: B
138 - Coordendas: [0.7017953139263617, 0.34106614017769005, 0.6992725584274878, 0.6188407764354553, 0.14128374108513128, 0.14840866008181183, 0.054138266796494645, 0.1569018045465198, 0.4905537459283386, 0.06616435130680481]
 Tipo: B
139 - Coordendas: [0.5253068262501268, 0.41066140177690036, 0.5339730691843367, 0.42323876747658473, 0.34521982486232744, 0.2740696398283947, 0.07098344693281401, 0.17893133348957113, 0.26319218241042347, 0.2422886743583705]
 Tipo: B
140 - Coordendas: [0.7017953139263617, 0.47038499506416576, 0.6955579631635969, 0.6235916926835889, 0.24627606752730882, 0.14875785692906318, 0.07290652385589094, 0.2425591750644481, 0.3381107491856678, 0.07982105015304916]
 Tipo: B
141 - Coordendas: [0.8874125164824019, 0.07749259624876598, 0.9133261105092089, 0.8194651825709244, 0.46646203845806633, 0.5310785194053675, 0.28992210321324247, 0.7277947035387861, 0.47166123778501623, 0.2364021662349896]
 Tipo: B
142 - Coordendas: [0.5547215741961659, 0.33070088845014806, 0.6045503791982664, 0.4522872268223157, 0.38376816827660926, 0.6368352788586252, 0.3758519961051607, 0.5678462620107805, 0.6657980456026057, 0.4874028726159642]
 Tipo: B
143 - Coordendas: [0.7768536362714272, 0.3524185587364265, 0.7803745550224421, 0.7092439256142256, 0.3049562155818363, 0.21720043899032224, 0.1263875365141188, 0.32704476212795874, 0.22736156351791528, 0.023546032493524865]
 Tipo: B
144 - Coordendas: [0.4766203468911654, 0.3188548864758145, 0.49063612443894117, 0.37600108592371384, 0.5431976166832175, 0.34515614087598523, 0.10416260954235639, 0.36700257792359975, 0.5166123778501628, 0.26983753237579466]
 Tipo: B
145 - Coordendas: [1.1024444669844813, 0.17374136229022705, 1.0959603776505182, 1.1518935794760419, 0.23246366344678168, 0.19320562705776714, 0.1082035053554041, 0.48957112725568314, 0.10423452768729641, -0.0028255238992230297]
 Tipo: B
146 - Coordendas: [0.6267369915812963, 0.5345508390918065, 0.6232781303203837, 0.5364463146463961, 0.18705425656766272, 0.14621370847051782, 0.043816942551119765, 0.14717600187485352, 0.4254071661237785, 0.14904638568401232]
 Tipo: B
147 - Coordendas: [0.8001825742975961, 0.5182625863770978, 0.8099365423309084, 0.7294692547848513, 0.3903584002888869, 0.299361468622169, 0.16611489776046737, 0.5801499882821655, 0.2781758957654723, 0.11608194019307758]
 Tipo: B
148 - Coordendas: [0.5567501775027894, 0.37512339585389926, 0.5674044265593561, 0.4569024026062169, 0.33086575787668143, 0.26369350493864113, 0.08785296981499513, 0.277595500351535, 0.3035830618892509, 0.18624911702378152]
 Tipo: B
149 - Coordendas: [0.8174257024038949, 0.3469891411648568, 0.8503327658257235, 0.7410071942446043, 0.41708043694141017, 0.5635039409358475, 0.18795034079844206, 0.7197093977033044, 0.39609120521172636, 0.380032964445491]
 Tipo: B
150 - Coordendas: [0.2733542955675018, 0.16929911154985192, 0.3146571738121034, 0.1751051988597801, 0.6578495982666788, 0.9825401576374341, 0.2891918208373905, 0.8247011952191234, 0.6495114006514656, 1.0171886037202733]
 Tipo: B
151 - Coordendas: [0.531392636169997, 0.5098716683119446, 0.5522364958984676, 0.42025247726347226, 0.5143089284102195, 0.45774718148259, 0.19900194741966895, 0.25380829622685724, 0.6931596091205211, 0.38591947256887227]
 Tipo: B
152 - Coordendas: [0.4137336443858404, 0.36574531095755186, 0.42501160811019956, 0.3027012352382245, 0.6027805362462761, 0.4173401177292228, 0.09890457643622201, 0.5001171783454418, 0.5824104234527686, 0.640687544148811]
 Tipo: B
153 - Coordendas: [0.4827061568110356, 0.24580454096742346, 0.5033276582572357, 0.38346681145649514, 0.2560259998194458, 0.3650104759054175, 0.16372930866601754, 0.3092336536208109, 0.28599348534201957, 0.3538968683776785]
 Tipo: B
154 - Coordendas: [0.4421340906785678, 0.43928923988153995, 0.44838260331218077, 0.33622912990362425, 0.4718786675092534, 0.30704379926169806, 0.10472249269717625, 0.3039606280759316, 0.5648208469055375, 0.22510007063809748]
 Tipo: B
155 - Coordendas: [0.5983365452885689, 0.4200394866732477, 0.6293143476242067, 0.47454866295642734, 0.6244470524510248, 0.7116631746981942, 0.11745374878286272, 0.6213967658776658, 0.422801302931596, 0.47044972922062633]
 Tipo: B
156 - Coordendas: [0.5851506237955169, 0.3450148075024679, 0.5992880359077541, 0.47549884620605404, 0.540489302157624, 0.4402873391200239, 0.09444985394352483, 0.3509491445980783, 0.6905537459283386, 0.32210972451141984]
 Tipo: B
157 - Coordendas: [0.43401967745207426, 0.4995064165844027, 0.4257854821235102, 0.3320211755124203, 0.2932201859709308, 0.10321261099471218, 0.012334469328140215, 0.0663698148582142, 0.37589576547231274, 0.25618083352955034]
 Tipo: B
158 - Coordendas: [0.6825235825134396, 0.4427443237907206, 0.6955579631635969, 0.5802904845934572, 0.4200595829195631, 0.4168412650902923, 0.1310856864654333, 0.4432856808061871, 0.426058631921824, 0.37391099599717464]
 Tipo: B
159 - Coordendas: [0.29069885383913174, 0.2946692991115498, 0.29732239591394516, 0.2032034749558843, 0.38178207095784067, 0.3030529781502544, 0.056718597857838365, 0.2831028825872979, 0.21302931596091196, 0.38521309159406647]
 Tipo: B
160 - Coordendas: [0.16127396287655948, 0.16732477788746294, 0.16622813805912398, 0.10560608117279761, 0.460142637898348, 0.2637932754664272, 0.06243914313534567, 0.17693930161706117, 0.4026058631921824, 0.44054626795384993]
 Tipo: B
161 - Coordendas: [0.6571660411806473, 0.4461994076999013, 0.6755920136201825, 0.5532781322112121, 0.4953507267310644, 0.4507632445375636, 0.10226387536514119, 0.36934614483243494, 0.4319218241042345, 0.2500588650812339]
 Tipo: B
162 - Coordendas: [0.5435642560097373, 0.12635735439289233, 0.5440334313573749, 0.4411565087552599, 0.33763654419066536, 0.19769530080814127, 0.07200584225900682, 0.310171080384345, 0.40977198697068395, 0.1302095596891924]
 Tipo: B
163 - Coordendas: [0.5161781113703215, 0.18410661401776895, 0.5268534282618789, 0.4095289805891136, 0.5179200144443442, 0.33248528384715154, 0.09203992210321325, 0.3278650105460511, 0.38892508143322463, 0.3185778196373912]
 Tipo: B
164 - Coordendas: [0.4837204584643473, 0.38746298124383016, 0.49682711654542633, 0.3792588570652911, 0.49354518371400213, 0.3676045096278559, 0.1285783836416748, 0.5202718537614249, 0.35048859934853416, 0.3348245820579232]
 Tipo: B
165 - Coordendas: [0.4035906278527235, 0.3904244817374137, 0.41789196718774185, 0.301479571060133, 0.3993861153741988, 0.3695500349196847, 0.12811587147030185, 0.32669322709163345, 0.36416938110749175, 0.2714857546503414]
 Tipo: B
166 - Coordendas: [0.0758697636677148, 0.7788746298124383, 0.064850642315431, 0.04791638387403286, 0.25593572266859255, 0.12640925870497854, 0.0, 0.0, 0.527687296416938, 0.4779844596185543]
 Tipo: B
167 - Coordendas: [0.07201541738513033, 0.7764067127344522, 0.07042253521126765, 0.03651418487851229, 0.30739369865487043, 0.48119325551232167, 0.22521908471275562, 0.15983126318256385, 0.6364820846905536, 0.58770897103838]
 Tipo: B
168 - Coordendas: [0.4624201237448016, 0.23346495557749256, 0.4776350410153227, 0.3521107642188136, 0.42619842917757517, 0.4417838970368153, 0.16399707887049658, 0.3039606280759316, 0.49381107491856663, 0.3595479161761245]
 Tipo: B
169 - Coordendas: [0.7869966528045441, 0.7754195459032578, 0.7879585203528865, 0.7127731776842676, 0.2719147783695947, 0.24294123515913396, 0.09992697176241482, 0.35469885165221465, 0.5081433224755699, 0.10007063809748068]
 Tipo: B
170 - Coordendas: [0.6318084998478548, 0.9057255676209279, 0.6359696641386781, 0.5360390932536989, 0.3076645301074298, 0.22612990122717747, 0.07271178188899709, 0.3837590813217718, 0.37003257328990224, 0.1238521309159407]
 Tipo: B
171 - Coordendas: [0.338675322040775, 0.3277393879565647, 0.3330753753288964, 0.2462332021175512, 0.37654599620835966, 0.1321959493165719, 0.024634858812074004, 0.06438950082024841, 0.537459283387622, 0.2227454673887451]
 Tipo: B
172 - Coordendas: [0.33258951212090476, 0.339091806515301, 0.34143321467265114, 0.24066784308402334, 0.32626162318317237, 0.28544347999600916, 0.1060856864654333, 0.28568080618701663, 0.3967426710097719, 0.3435366140805276]
 Tipo: B
173 - Coordendas: [0.27406430672481996, 0.4753208292201382, 0.26714130939483044, 0.19302294013845525, 0.2914146429538684, 0.13399181881672154, 0.05688899707887049, 0.11266697914225451, 0.33876221498371334, 0.23075111843654356]
 Tipo: B
174 - Coordendas: [0.3934476113196064, 0.5809476801579467, 0.382603312180777, 0.29455680738428125, 0.19572086304956218, 0.09393395191060562, 0.0, 0.0, 0.3915309446254071, 0.16317400518012715]
 Tipo: B
175 - Coordendas: [0.4208337559590223, 0.6283316880552814, 0.42872620337409056, 0.3188543504818786, 0.3884625801209714, 0.29182879377431903, 0.11742940603700097, 0.26447152566205767, 0.6319218241042346, 0.3053920414410171]
 Tipo: B
176 - Coordendas: [0.23856374885891068, 0.6036525172754196, 0.23556724965175663, 0.16356725940002714, 0.3590322289428546, 0.162675845555223, 0.09727361246348588, 0.15022263885633935, 0.41172638436482073, 0.31104308923946317]
 Tipo: B
177 - Coordendas: [0.3224464955877878, 0.4876604146100691, 0.3240984367744931, 0.22831546083887605, 0.43035117811681867, 0.2574079616881173, 0.012232229795520935, 0.13077103351300678, 0.4762214983713355, 0.2533553096303275]
 Tipo: B
178 - Coordendas: [0.5547215741961659, 0.29565646594274425, 0.6002166847237268, 0.4528301886792453, 0.6786133429628961, 0.7311184276164822, 0.3841285296981499, 0.9478556362784158, 0.6690553745928338, 0.5552154461973159]
 Tipo: M
179 - Coordendas: [0.6825235825134396, 0.5488647581441263, 0.7183098591549295, 0.589656576625492, 0.5982666787036202, 0.7036815324753068, 0.22799415774099316, 0.7013123974689478, 0.7400651465798044, 0.5170708735578058]
 Tipo: M
180 - Coordendas: [0.5557358758494777, 0.707305034550839, 0.6218851570964246, 0.4512013031084566, 0.5955583641780267, 1.0783198643120824, 0.5533106134371957, 1.001054605108976, 0.6319218241042346, 0.7035554509065225]
 Tipo: M
181 - Coordendas: [0.916827264428441, 0.6678183613030602, 0.9117783624825877, 0.8881498574725124, 0.26568565496072943, 0.2157537663374239, 0.08030671859785783, 0.38938364190297636, 0.30488599348534196, 0.10407346362137981]
 Tipo: M
182 - Coordendas: [1.2363322852216252, 0.7448173741362291, 1.3714595263891038, 1.3295778471562372, 0.40417080436941416, 1.1092487279257708, 0.5026777020447907, 1.3100539020389033, 0.8710097719869705, 0.5992465269602073]
 Tipo: M
183 - Coordendas: [0.8995841363221422, 0.702862783810464, 0.9272558427488004, 0.867653047373422, 0.2832896993770877, 0.382919285643021, 0.24191820837390457, 0.6285446449496134, 0.5127035830618892, 0.01954320696962556]
 Tipo: M
184 - Coordendas: [0.6845521858200629, 0.6367226061204343, 0.7709332920600523, 0.5901995384824215, 0.5459059312088111, 1.026938042502245, 0.5180136319376826, 0.940356222170143, 0.6573289902280129, 0.571462208617848]
 Tipo: M
185 - Coordendas: [0.7667106197383101, 0.8800592300098716, 0.8193778052932982, 0.6994706121894936, 0.5531281032770606, 0.6787389005287838, 0.39897760467380716, 0.862901335833138, 0.809771986970684, 0.4290087120320227]
 Tipo: M
186 - Coordendas: [0.8478547520032458, 0.22458045409674232, 0.9086828664293451, 0.7613682638794624, 0.49354518371400213, 0.9481193255512322, 0.5055988315481986, 1.1431919381298334, 0.9517915309446253, 0.41841299740993637]
 Tipo: M
187 - Coordendas: [1.4381783142306521, 0.6579466929911155, 1.4457514316669242, 1.7110085516492466, 0.376004333303241, 0.39289633842163024, 0.26703992210321326, 1.0114834778532926, 0.4618892508143322, 0.005415587473510739]
 Tipo: M
188 - Coordendas: [0.9807282685870776, 0.5760118460019743, 1.0247639684259402, 1.0331206732727025, 0.5368782161234993, 0.6098972363563803, 0.37122687439143137, 1.0745254277009608, 0.6091205211726384, 0.253119849305392]
 Tipo: M
189 - Coordendas: [1.17953139263617, 0.5202369200394866, 1.2120414796471133, 1.2902131125288447, 0.3770876591134784, 0.41484585453457046, 0.36270691333982474, 0.9059057886102648, 0.41498371335504874, 0.1045443842712503]
 Tipo: M
190 - Coordendas: [0.8437975453899991, 0.7680157946692991, 0.907135118402724, 0.7993755938645309, 0.5016701272907828, 0.7296218696996907, 0.4096884128529698, 1.0254277009608626, 0.5641693811074917, 0.30256651754179426]
 Tipo: M
191 - Coordendas: [1.0740440206917539, 0.263573543928924, 1.1021513697570033, 1.1016696077100583, 0.4138304595106979, 0.4602414446772423, 0.2403846153846154, 0.9319193812983361, 0.4423452768729641, 0.2105015304921122]
 Tipo: M
192 - Coordendas: [1.1815599959427934, 0.7601184600197434, 1.2538306763658873, 1.2820686846749014, 0.4854202401372213, 0.8244038710964782, 0.564508276533593, 1.4576986172955237, 0.7315960912052116, 0.22180362608900397]
 Tipo: M
193 - Coordendas: [1.2464753017547419, 0.8272458045409674, 1.3018108651911469, 1.3825166282068684, 0.37356685023020675, 0.7405966277561609, 0.40335929892891914, 0.8897351769393016, 0.5166123778501628, 0.23687308688485992]
 Tipo: M
194 - Coordendas: [0.7372958717922711, 0.5927936821322803, 0.7713976164680388, 0.6644495724175377, 0.411663807890223, 0.4308091389803452, 0.3210808179162609, 0.6559643777829858, 0.537459283387622, 0.20485048269366612]
 Tipo: M
195 - Coordendas: [0.6591946444872706, 0.5483711747285291, 0.6904503946757468, 0.5642731098140356, 0.44208720772772414, 0.5091290032924274, 0.25876338851022396, 0.6373330208577455, 0.4299674267100976, 0.2740758182246291]
 Tipo: M
196 - Coordendas: [0.40257632619941164, 0.5745310957551827, 0.4350719702832379, 0.30894529659291436, 0.6325719960278054, 0.49067145565200043, 0.25413826679649465, 0.6642840403093508, 0.5439739413680781, 0.38026842477042616]
 Tipo: M
197 - Coordendas: [1.226189268688508, 0.7453109575518262, 1.308001857297632, 1.3037871589520835, 0.3446781619572087, 0.9755562206924075, 0.5129016553067186, 1.167213498945395, 0.8143322475570032, 0.25618083352955034]
 Tipo: M
198 - Coordendas: [1.1835885992494166, 0.3894373149062192, 1.2368054480730535, 1.265779828967015, 0.517017242935813, 0.7241344906714557, 0.4805258033106134, 1.1823295055073824, 0.5517915309446254, 0.18695549799858732]
 Tipo: M
199 - Coordendas: [1.1399736281570139, 0.4437314906219151, 1.1841820151679303, 1.2074114293470883, 0.5612530468538414, 0.6238651102464332, 0.43135345666991237, 1.2420904616826811, 0.6723127035830618, 0.2484106428066872]
 Tipo: M
200 - Coordendas: [0.8235115123237651, 0.6076011846001974, 0.8275808698343908, 0.772770462874983, 0.3424212331858807, 0.23630649506135884, 0.12787244401168452, 0.39067260370283574, 0.362214983713355, 0.10101247939722163]
 Tipo: M
201 - Coordendas: [0.7372958717922711, 0.6140177690029615, 0.8145797864107722, 0.6816886113750509, 0.4718786675092534, 0.8847650404070638, 0.5197176241480039, 1.0139442231075697, 0.5791530944625406, 0.47963268189310104]
 Tipo: M
202 - Coordendas: [0.578050512222335, 0.6974333662388944, 0.6020739823556723, 0.48255735034613817, 0.5377809876320303, 0.5126209717649407, 0.2745861733203505, 0.8053667682212328, 0.5504885993485341, 0.31433953378855667]
 Tipo: M
203 - Coordendas: [0.7910538594177908, 0.7023692003948668, 0.8297477170716606, 0.7123659562915704, 0.5829195630585898, 0.6208719944128505, 0.3084225900681597, 1.0580032809936724, 0.5817589576547231, 0.32940899458441264]
 Tipo: M
204 - Coordendas: [1.213003347195456, 0.5725567620927936, 1.2352577000464322, 1.3390796796525044, 0.3381782070957841, 0.3963883068941435, 0.2629016553067186, 0.9316850246074525, 0.3400651465798046, 0.048504826936661166]
 Tipo: M
205 - Coordendas: [0.6916522973932449, 0.3000987166831194, 0.7218696796161584, 0.5980724854079, 0.4339622641509434, 0.521600319265689, 0.18960564751703993, 0.5939770330442934, 0.39218241042345264, 0.3086884859901106]
 Tipo: M
206 - Coordendas: [1.122730500050715, 0.31786771964461985, 1.182634267141309, 1.1707615040043435, 0.4863230116457525, 0.9536067045794674, 0.40993184031158714, 1.2655261307710335, 0.711400651465798, 0.33388274075818225]
 Tipo: M
207 - Coordendas: [1.1643168678364946, 0.4348469891411648, 1.1965639993809005, 1.264422424324691, 0.41626794258373206, 0.4083607702284745, 0.3249756572541383, 1.0305835481603, 0.698371335504886, 0.18059806922533564]
 Tipo: M
208 - Coordendas: [0.76062480981844, 0.5799605133267522, 0.7809936542330908, 0.6850821229808606, 0.37744876771689084, 0.3792776613788287, 0.29308666017526774, 0.5786266697914225, 0.6612377850162865, 0.08971038380032968]
 Tipo: M
209 - Coordendas: [0.8508976569631808, 0.6441263573543929, 0.873084661817056, 0.7936744943667707, 0.35542114290872984, 0.39988027536665666, 0.27312560856864654, 0.8768455589407077, 0.4280130293159608, 0.1982575935954793]
 Tipo: M
210 - Coordendas: [0.8194543057105184, 0.4995064165844027, 0.8746324098436772, 0.7629971494502511, 0.4628509524239416, 0.6577870896937045, 0.4138266796494645, 1.0329271150691353, 0.517915309446254, 0.2422886743583705]
 Tipo: M
211 - Coordendas: [0.6216654833147378, 0.288746298124383, 0.6720321931589535, 0.5249083751866431, 0.7869459239866391, 0.763543849146962, 0.5041382667964946, 1.1250292945863605, 0.5635179153094462, 0.5738168118672006]
 Tipo: M
212 - Coordendas: [1.5507657977482503, 0.4916090819348471, 1.687200123819842, 1.8535360390932536, 0.7219463753723933, 1.2638930459942133, 1.0379746835443038, 2.1361612374033276, 0.9745928338762214, 0.4200612196844831]
 Tipo: M
213 - Coordendas: [0.8001825742975961, 0.34353405725567626, 0.8489397926017642, 0.7316411022125695, 0.573891847973278, 0.7056769430310287, 0.41139240506329117, 1.0455823763768457, 0.714657980456026, 0.356251471627031]
 Tipo: M
214 - Coordendas: [0.8924840247489603, 0.6515301085883515, 0.9582108032812257, 0.8675173069091896, 0.5675724474135598, 0.7570587648408661, 0.5192307692307692, 1.1107335364424655, 0.6749185667752443, 0.4888156345655758]
 Tipo: M
215 - Coordendas: [1.1125874835175982, 0.5083909180651531, 1.0897693855440331, 1.1381837925885705, 0.2833799765279408, 0.21839768532375536, 0.17753164556962023, 0.6557300210921022, 0.6964169381107491, -0.05415587473510706]
 Tipo: M
216 - Coordendas: [1.2190891571153262, 0.45409674234945707, 1.2321622039931899, 1.3499389167910953, 0.2666787036201138, 0.2835478399680734, 0.22568159688412853, 0.6593625498007968, 0.5771986970684038, -0.04968212856133744]
 Tipo: M
217 - Coordendas: [1.29921898772695, 0.7606120434353406, 1.3405045658566785, 1.4232387674765847, 0.441184436219193, 0.6757457846952012, 0.6195228821811101, 1.3463791891258496, 0.7439739413680782, 0.2020249587944431]
 Tipo: M
218 - Coordendas: [0.5871792271021401, 0.629812438302073, 0.5870608264974461, 0.49246640423510246, 0.3423309560350276, 0.1704579467225382, 0.11467867575462512, 0.31685024607452544, 0.34201954397394135, 0.1907228631975513]
 Tipo: M
219 - Coordendas: [0.9259559793082462, 0.4116485686080948, 0.948924315121498, 0.9087824080358354, 0.4024555385032049, 0.4502643918986331, 0.22996592015579356, 0.6963909069603937, 0.5218241042345275, 0.23381210266070174]
 Tipo: M
220 - Coordendas: [1.65219596307942, 0.6085883514313919, 1.676365887633493, 2.0937966607845797, 0.2867202311095063, 0.4542552130100768, 0.32229795520934756, 1.1368643074759783, 0.4827361563517915, 0.07016717683070411]
 Tipo: M
221 - Coordendas: [1.0639010041586368, 0.7388943731490623, 1.1191765980498374, 1.1417130446586128, 0.4718786675092534, 0.6827297216402275, 0.5255598831548199, 1.2221701429575815, 0.311400651465798, 0.26136096067812575]
 Tipo: M
222 - Coordendas: [0.8600263718429862, 0.10760118460019744, 0.9086828664293451, 0.8054839147549884, 0.6596551412837411, 0.6587847949715655, 0.49464459591041865, 1.2854464494961333, 0.5902280130293158, 0.42712502943254077]
 Tipo: M
223 - Coordendas: [0.9614565371741557, 0.5133267522211253, 1.013929732239591, 0.9357947604180805, 0.4123860250970479, 0.6592836476104958, 0.4364654333008763, 1.0389032106866651, 0.47817589576547226, 0.25147162703084525]
 Tipo: M
224 - Coordendas: [2.052845116137539, 0.600197433366239, 2.140690295619873, 2.8593728790552464, 0.512503385393157, 0.8378728923476005, 0.6988802336903603, 2.200609327396297, 0.4820846905537458, 0.12126206734165298]
 Tipo: M
225 - Coordendas: [0.8417689420833755, 0.6268509378084897, 0.8532734870763038, 0.7697841726618705, 0.34251151033673377, 0.40786191758954404, 0.13084225900681598, 0.38235294117647056, 0.43452768729641683, 0.2500588650812339]
 Tipo: M
226 - Coordendas: [1.149102343036819, 0.43780848963474817, 1.1578702987153688, 1.2182706664856793, 0.30017152658662094, 0.3054973560810137, 0.19885589094449854, 0.6812749003984063, 0.365472312703583, 0.04002825523899224]
 Tipo: M
227 - Coordendas: [0.734252966832336, 0.6618953603158935, 0.7828509518650363, 0.6330935251798561, 0.4953507267310644, 1.0868003591739, 0.48222979552093476, 0.7754862901335834, 0.8625407166123779, 0.5384977631269132]
 Tipo: M
228 - Coordendas: [0.5435642560097373, 0.8464955577492597, 0.578238662745705, 0.4532374100719424, 0.45833709488128566, 0.5580165619076125, 0.26411879259980525, 0.5345676119053199, 0.575244299674267, 0.39604426654108793]
 Tipo: M
229 - Coordendas: [0.7991682726442844, 0.6663376110562685, 0.8761801578702987, 0.7165739106827744, 0.46736480996659757, 0.870797166517011, 0.4130963972736124, 1.0403093508319663, 0.44104234527687286, 0.3336472804332471]
 Tipo: M
230 - Coordendas: [0.6886093924333097, 0.6209279368213227, 0.7249651756694008, 0.6045880276910547, 0.6081971652974631, 0.515115234959593, 0.3371470301850049, 0.7647058823529411, 0.5042345276872964, 0.3819166470449729]
 Tipo: M
231 - Coordendas: [1.12577340501065, 0.5987166831194471, 1.139297322395914, 1.1951947875661735, 0.190304233998375, 0.31417739199840367, 0.26850048685491723, 0.677056479962503, 0.4625407166123777, 0.0200141276194962]
 Tipo: M
232 - Coordendas: [0.7575819048585049, 0.5187561697926949, 0.7847082494969817, 0.6776163974480793, 0.4160873882820259, 0.4846852239848349, 0.2872444011684518, 0.7007265057417389, 0.5798045602605862, 0.2851424534965858]
 Tipo: M
233 - Coordendas: [0.6926665990465565, 0.6929911154985193, 0.7393592323169786, 0.6166689290077371, 0.7192380608467998, 0.7650404070637535, 0.3792599805258033, 1.0752284977736113, 0.7758957654723125, 0.5100070638097481]
 Tipo: M
234 - Coordendas: [0.8255401156303884, 0.34402764067127345, 0.851106639839034, 0.7779286005158137, 0.3261713460323193, 0.36136885164122523, 0.1837877312560857, 0.4779704710569487, 0.3478827361563517, 0.17212149752766653]
 Tipo: M
235 - Coordendas: [1.017243128106299, 0.520730503455084, 1.0201207243460761, 1.0327134518800054, 0.31678252234359494, 0.24743090890950808, 0.16918208373904578, 0.6315912819310991, 0.629315960912052, -0.00753473039792797]
 Tipo: M
236 - Coordendas: [1.3793488183385738, 0.6135241855873643, 1.4070577310013925, 1.5562644224243245, 0.3454906563148867, 0.5555222987129602, 0.39922103213242455, 1.1203421607686899, 0.4592833876221497, -0.05439133506004238]
 Tipo: M
237 - Coordendas: [1.0588294958920785, 0.782329713721619, 1.0944126296238972, 1.0920320347495587, 0.4330594926424122, 0.4547540656490072, 0.4094449853943525, 0.7730255448793063, 0.16156351791530943, 0.14386625853543675]
 Tipo: M
238 - Coordendas: [1.272847144740846, 1.123395853899309, 1.303358613217768, 1.4653183113886248, 0.28500496524329694, 0.44677242342611995, 0.2787244401168452, 0.7777126786969768, 0.2397394136807818, 0.013656698846244344]
 Tipo: M
239 - Coordendas: [1.369205801805457, 0.5799605133267522, 1.373007274415725, 1.5779828967015066, 0.2791369504378442, 0.29951112441384814, 0.22010710808179162, 0.705647996250293, 0.2651465798045602, -0.018365905344949446]
 Tipo: M
240 - Coordendas: [1.2596612232477937, 0.6806515301085884, 1.3203838415106017, 1.3730147957106011, 0.45201769432156724, 0.6602813528883568, 0.49878286270691335, 1.0412467775955003, 0.5980456026058631, 0.17541794207676006]
 Tipo: M
241 - Coordendas: [1.2931331778070798, 0.49901283316880557, 1.345147809936542, 1.442242432469119, 0.483614697120159, 0.8054474708171208, 0.5883641674780915, 1.1413170846027654, 0.43843648208469055, 0.3395337885566283]
 Tipo: M
242 - Coordendas: [1.2647327315143524, 0.4748272458045409, 1.280142392818449, 1.3920184607031356, 0.45923986638981673, 0.47570587648408663, 0.3356864654333009, 1.0066791656901806, 0.46644951140065144, 0.09230044737461739]
 Tipo: M
243 - Coordendas: [0.7078811238462319, 0.3622902270483712, 0.7373471598823711, 0.622912990362427, 0.5143089284102195, 0.5211014666267585, 0.23829113924050635, 0.6147176001874853, 0.5524429967426709, 0.2060277843183424]
 Tipo: M
244 - Coordendas: [0.8458261486966224, 0.37314906219151034, 0.9195171026156941, 0.7734491651961448, 0.7300713189491741, 1.0224483687518706, 0.5959104186952288, 1.4553550503866886, 0.8716612377850164, 0.5512126206734166]
 Tipo: M
245 - Coordendas: [1.3519626736991581, 0.8563672260612043, 1.37919826652221, 1.5535496131396769, 0.42764286359122516, 0.4258206125910406, 0.3697663096397274, 1.093625498007968, 0.4912052117263843, 0.07464092300447374]
 Tipo: M
246 - Coordendas: [1.0517293843188966, 0.6589338598223099, 1.0402414486921527, 1.071806705578933, 0.3068520357497518, 0.19684725132195946, 0.07037487828627069, 0.3324349660182798, 0.32833876221498376, 0.01224393689663291]
 Tipo: M
247 - Coordendas: [1.0456435743990262, 0.613030602171767, 1.092864881597276, 1.091760553821094, 0.3372754355872529, 0.5181083507931756, 0.23605160662122687, 0.87965783923131, 0.6827361563517913, 0.049211207911466964]
 Tipo: M
248 - Coordendas: [1.1998174257024037, 0.5069101678183613, 1.1934685033276582, 1.3010723496674357, 0.33041437212241587, 0.17659383418138283, 0.19522882181110027, 0.6846730724162176, 0.31921824104234525, -0.06098422415822939]
 Tipo: M
249 - Coordendas: [1.2596612232477937, 0.41806515301085884, 1.2909766290047977, 1.3594407492873626, 0.46104540940687916, 0.6024144467724234, 0.3958130477117819, 1.1089758612608391, 0.5426710097719869, 0.14998822698375328]
 Tipo: M
250 - Coordendas: [0.9391419008012981, 0.4471865745310957, 1.0061909921064847, 0.8980589113614769, 0.4872257831542837, 0.7820013967873891, 0.4741966893865628, 1.060698382938833, 0.5315960912052116, 0.33647280433246995]
 Tipo: M
251 - Coordendas: [1.272847144740846, 0.4536031589338598, 1.326574833617087, 1.4571738835346817, 0.5630585898709038, 0.7021849745585156, 0.5348101265822784, 1.2444340285915163, 0.476872964169381, 0.3053920414410171]
 Tipo: M
252 - Coordendas: [1.1399736281570139, 0.45212240868706816, 1.1594180467419901, 1.199267001493145, 0.4047124672745329, 0.4402873391200239, 0.2750730282375852, 0.9315678462620108, 0.48664495114006506, 0.09630327289851669]
 Tipo: M
253 - Coordendas: [1.3367481488994828, 0.4911154985192498, 1.3513388020430273, 1.5345459481471426, 0.24889410490204925, 0.31028634141474604, 0.2811587147030185, 0.9053198968830559, 0.565472312703583, -0.03743819166470453]
 Tipo: M
254 - Coordendas: [1.3550055786590933, 0.5824284304047385, 1.425630707320848, 1.5209719017239038, 0.5811140200415277, 0.8184176394293127, 0.6243914313534566, 1.762362315444106, 0.9830618892508144, 0.33317635978337645]
 Tipo: M
255 - Coordendas: [0.9178415660817528, 0.2862783810463968, 0.9597585513078468, 0.8819057961178227, 0.3816917938069874, 0.5669959094083608, 0.29308666017526774, 0.8250527302554488, 0.470358306188925, 0.16976689427831415]
 Tipo: M
256 - Coordendas: [1.1957602190891572, 0.5784797630799605, 1.2244234638600835, 1.2874983032441971, 0.34783786223706786, 0.582460341215205, 0.25803310613437197, 0.7136161237403328, 0.5817589576547231, 0.19496114904638578]
 Tipo: M
257 - Coordendas: [1.2880616695405214, 0.5908193484698914, 1.3327658257235722, 1.4259535767612324, 0.4093166019680419, 0.551032624962586, 0.4535053554040896, 1.2924771502226389, 0.6657980456026057, 0.10831174947021428]
 Tipo: M
258 - Coordendas: [0.8894411197890253, 0.4693978282329713, 0.9798792756539233, 0.8349395954934166, 0.6470163401643044, 1.0623565798663075, 0.7093476144109055, 1.4553550503866886, 0.8566775244299674, 0.5528608429479633]
 Tipo: M
259 - Coordendas: [0.8214829090171417, 0.7912142152023691, 0.8390342052313882, 0.7779286005158137, 0.44930937979597374, 0.37039808440586647, 0.30063291139240506, 0.7678696976798688, 0.38241042345276877, 0.2846715328467154]
 Tipo: M
260 - Coordendas: [1.3651485951922102, 0.5957551826258638, 1.3931279987618015, 1.5603366363512963, 0.35090728536607385, 0.4472712760650504, 0.23853456669912365, 0.91223341926412, 0.3635179153094462, 0.07110901813044507]
 Tipo: M
261 - Coordendas: [1.4939649051627955, 0.3721618953603159, 1.5030181086519114, 1.903760010859237, 0.37203213866570384, 0.31018657088696, 0.28432327166504384, 0.9919146941645185, 0.4280130293159608, -0.047327525311984885]
 Tipo: M
262 - Coordendas: [1.4594786489501979, 0.2660414610069101, 1.5092091007583965, 1.6865752680874166, 0.42854563509975624, 0.6388306894143471, 0.4703018500486855, 1.4705882352941178, 0.5947882736156351, 0.21850718153991064]
 Tipo: M
263 - Coordendas: [0.4157622476924638, 0.4501480750246791, 0.4567404426559355, 0.29604995249083754, 0.6226415094339625, 0.9575975256909111, 0.4111489776046738, 0.746074525427701, 0.7400651465798044, 0.6345655757004945]
 Tipo: M
264 - Coordendas: [1.2748757480474695, 0.6663376110562685, 1.3172883454573594, 1.398805483914755, 0.4366705786765371, 0.5405567195450464, 0.45180136319376824, 1.1963909069603937, 0.6052117263843647, 0.14810454438427137]
 Tipo: M
265 - Coordendas: [1.4838218886296783, 0.6204343534057256, 1.5571892895836557, 1.7150807655762181, 0.578405705515934, 0.9241743988825701, 0.6840311587147031, 1.830325755800328, 0.717915309446254, 0.31810689898752054]
 Tipo: M
266 - Coordendas: [1.1085302769043515, 0.5582428430404738, 1.2476396842594024, 1.1544726482964571, 0.635280310553399, 1.168113339319565, 0.7762901655306719, 1.4037965783923132, 0.6859934853420193, 0.43795620437956223]
 Tipo: M
267 - Coordendas: [1.1166446901308447, 0.5404738400789734, 1.1454883145023986, 1.1513506176191122, 0.460142637898348, 0.5335727826000198, 0.29235637779941576, 1.0339817201781112, 0.6071661237785014, 0.19166470449729225]
 Tipo: M
268 - Coordendas: [1.2008317273557156, 0.6051332675222112, 1.2368054480730535, 1.3119315868060268, 0.44389275074478657, 0.575975256909109, 0.38802336903602724, 1.0246074525427702, 0.575244299674267, 0.20649870496821288]
 Tipo: M
269 - Coordendas: [1.4320925043107822, 0.5335636722606121, 1.4596811639065157, 1.683860458802769, 0.3991152839216394, 0.46922079217799056, 0.38266796494644595, 1.3534098898523554, 0.32182410423452773, 0.09559689192371089]
 Tipo: M
270 - Coordendas: [1.0243432396794805, 0.8608094768015795, 1.043336944745395, 1.0688204153658205, 0.418434594204207, 0.43679537064751073, 0.24513145082765336, 0.7535739395359738, 0.47752442996742656, 0.24158229338356502]
 Tipo: M
271 - Coordendas: [2.0731311492037734, 0.8173741362290228, 2.2149822008976936, 3.2000814442785392, 0.5034756703078451, 0.8747879876284547, 0.884858812074002, 1.9791422545113662, 0.6521172638436482, 0.08664939957617149]
 Tipo: M
272 - Coordendas: [1.2637184298610409, 0.44965449160908194, 1.3049063612443892, 1.3893036514184878, 0.5079895278505011, 0.6054075626060063, 0.549172346640701, 1.3991094445746426, 0.49706840390879464, 0.20249587944431374]
 Tipo: M
273 - Coordendas: [0.9847854752003247, 0.5177690029615004, 0.9798792756539233, 0.9693226550834804, 0.20167915500586797, 0.23785293824204332, 0.08882667964946446, 0.27033044293414576, 0.5120521172638435, 0.016482222745467373]
 Tipo: M
274 - Coordendas: [1.1186732934374686, 0.5355380059230009, 1.1547748026621265, 1.1721189086466675, 0.42854563509975624, 0.526089993016063, 0.2848101265822785, 0.9095383173189594, 0.6879478827361564, 0.1935483870967742]
 Tipo: M
275 - Coordendas: [0.6936809006998682, 0.7295162882527146, 0.7512768921219624, 0.6140898601873218, 0.573891847973278, 0.7216402274768035, 0.33033106134371953, 0.7920084368408717, 0.7915309446254071, 0.4666823640216625]
 Tipo: M
276 - Coordendas: [0.8184400040572067, 0.46199407699901285, 0.8275808698343908, 0.7579747522736527, 0.3567753001715266, 0.3119325551232166, 0.18222979552093474, 0.5079681274900398, 0.3263843648208468, 0.155403814457264]
 Tipo: M
277 - Coordendas: [1.7901409879298105, 0.5868706811451136, 1.8837641232007427, 2.304194380344781, 0.4547260088471608, 0.933652599022249, 0.562317429406037, 1.7236934614483244, 0.6065146579804559, 0.3494231222039088]
 Tipo: M
278 - Coordendas: [1.3681915001521452, 0.5409674234945707, 1.4070577310013925, 1.5684810642052396, 0.3514489482711926, 0.5380624563503941, 0.37074001947419666, 1.1893602062338882, 0.7205211726384363, 0.038615493289380805]
 Tipo: M
279 - Coordendas: [1.3763059133786388, 0.550345508390918, 1.4550379198266523, 1.5806977059861544, 0.4691703529836599, 0.7505736805347701, 0.5075462512171373, 1.5490977267400985, 0.6951140065146579, 0.23451848363550737]
 Tipo: M
280 - Coordendas: [1.4138350745511716, 0.7591312931885489, 1.5355208172109578, 1.6336364870367857, 0.517017242935813, 0.9985034420832086, 0.7726387536514119, 1.7272088118115774, 0.7094462540716612, 0.38238756769484356]
 Tipo: M
281 - Coordendas: [1.47875038036312, 0.6258637709772952, 1.5200433369447452, 1.8128138998235372, 0.5269477295296561, 0.4612391499551033, 0.5937195715676729, 1.6276072181860792, 0.4338762214983713, 0.08664939957617149]
 Tipo: M
282 - Coordendas: [0.9756567603205195, 0.9067127344521224, 0.9984522519733784, 0.9700013574046423, 0.2881646655231561, 0.3933951910605607, 0.22519474196689385, 0.621279587532224, 0.34527687296416937, 0.09253590769955271]
 Tipo: M
283 - Coordendas: [1.3813774216451975, 0.9684106614017769, 1.490636124438941, 1.5223293063662278, 0.5883361921097772, 1.2648907512720742, 0.8554040895813048, 1.781110850714788, 0.8710097719869705, 0.4146456322109725]
 Tipo: M
