0 - Coordendas: [0.4332505290275093, 0.5941966219142485, 0.46010450501341627, 0.3098043836907848, 0.8401799455427964, 0.6660455080423696, 0.15034965034965037, 0.5309350831966253, 0.6977198697068404, 0.5001151808339094]
 Tipo: B
1 - Coordendas: [0.35320636673107, 0.5842355998267648, 0.3544697076684084, 0.25701154843271273, 0.3467503255593703, 0.22871714397803058, 0.05154845154845155, 0.0956175298804781, 0.5967426710097719, 0.25201566459341174]
 Tipo: B
2 - Coordendas: [0.16128438678811297, 0.26504980511043735, 0.16212399378618844, 0.10699976431769975, 0.6069610512608028, 0.2692232247940369, 0.0, 0.0, 0.6026058631921823, 0.42939414881363747]
 Tipo: B
3 - Coordendas: [0.4654522035145826, 0.7544391511476829, 0.4668832085863578, 0.36106528399717175, 0.4130460518527288, 0.1991957630443311, 0.07882117882117883, 0.2785329271150691, 0.5172638436482084, 0.10688781386777252]
 Tipo: B
4 - Coordendas: [0.6641825374919494, 0.42485924642702466, 0.6866261827425504, 0.5596276219655903, 0.43423700722149877, 0.4483130639466458, 0.16859806859806858, 0.3583313803609093, 0.2905537459283388, 0.1785302925593181]
 Tipo: B
5 - Coordendas: [0.6144999539976078, 0.36422693806842776, 0.6449654003671796, 0.5088380862597218, 0.4491535456375044, 0.46743821106316197, 0.3215784215784216, 0.5638621982657606, 0.5133550488599348, 0.21815249942409579]
 Tipo: B
6 - Coordendas: [0.5583770356058515, 0.3408401905586833, 0.5832509532551899, 0.43424463822766907, 0.6578666982360603, 0.54442918791683, 0.3197802197802198, 0.6565502695101946, 0.6351791530944624, 0.29186823312600785]
 Tipo: B
7 - Coordendas: [0.5280154568037538, 0.13252490255521862, 0.536506143200113, 0.4107942493518737, 0.5213685332070559, 0.3165457041977246, 0.042890442890442894, 0.22545113662995078, 0.3765472312703583, 0.19949320433079937]
 Tipo: B
8 - Coordendas: [0.24151255865304994, 0.26504980511043735, 0.25208303911876856, 0.1614423756775866, 0.38096365573576413, 0.35749313456257353, 0.28045288045288047, 0.2685727677525193, 0.635830618892508, 0.43561391384473613]
 Tipo: B
9 - Coordendas: [0.6917839727665838, 0.007362494586401035, 0.7130348820788024, 0.5859061984444969, 0.6803598910855926, 0.4438995684582189, 0.2944388944388944, 0.677056479962503, 0.5185667752442995, 0.26906242801197866]
 Tipo: B
10 - Coordendas: [0.5445763179685343, 0.22520571676050233, 0.5641858494562914, 0.4344803205279284, 0.4041671599384397, 0.37127304825421736, 0.16297036297036296, 0.3618467307241622, 0.4677524429967427, 0.23059202948629356]
 Tipo: B
11 - Coordendas: [0.43509062471248505, 0.2802078822000866, 0.43623781951701746, 0.32618430355880274, 0.5340357523381082, 0.20611023930953315, 0.12683982683982684, 0.3795406608858683, 0.29706840390879485, 0.19834139599170694]
 Tipo: B
12 - Coordendas: [0.540896126598583, 0.31528800346470326, 0.5564185849456291, 0.42752769267028046, 0.5529773884219249, 0.37308748528834845, 0.1295038295038295, 0.27126786969767985, 0.4286644951140065, 0.1757659525454965]
 Tipo: B
13 - Coordendas: [0.280522587174533, 0.45734084019055865, 0.273972602739726, 0.19302380391232618, 0.33787143364508115, 0.09680266771282857, 0.008225108225108226, 0.06045230841340521, 0.3713355048859935, 0.27758580972126246]
 Tipo: B
14 - Coordendas: [0.5611371791333148, 0.21611087050671285, 0.5908769947747493, 0.44367193023803914, 0.6495797324493904, 0.5277559827383288, 0.1521145521145521, 0.36442465432388094, 0.5908794788273616, 0.3632803501497352]
 Tipo: B
15 - Coordendas: [0.9070751679087311, 0.3785188393243828, 0.9124417455161702, 0.8681357530049494, 0.2583165620930508, 0.2591702628481758, 0.1714951714951715, 0.3247011952191235, 0.5107491856677524, 0.00783229670582815]
 Tipo: B
16 - Coordendas: [0.4829331125218511, 0.38284971849285393, 0.49074989408275677, 0.3741456516615602, 0.5117793299396236, 0.3015398195370734, 0.13942723942723942, 0.48125146472931807, 0.5986970684039087, 0.17945173923059213]
 Tipo: B
17 - Coordendas: [0.8426718189345845, 0.17929839757470759, 0.8545403191639598, 0.7736271506009899, 0.5010062744169529, 0.3218418987838368, 0.18315018315018314, 0.5305835481603, 0.4397394136807816, 0.14766182907164244]
 Tipo: B
18 - Coordendas: [0.5031741650565829, 0.24642702468601121, 0.5516170032481287, 0.39264671223191133, 0.5032555937019061, 0.6459395841506473, 0.5141525141525142, 0.5678462620107805, 0.6657980456026057, 0.48168624740843113]
 Tipo: B
19 - Coordendas: [0.25301315668414753, 0.20008661758336935, 0.2823047592148002, 0.18465708225312277, 0.6460281756836748, 0.6890937622597096, 1.3679653679653678, 0.9206702601359269, 0.9693811074918568, 0.9357290946786455]
 Tipo: B
20 - Coordendas: [0.4111693808078019, 0.4439151147682978, 0.4239514192910606, 0.30403016733443317, 0.6815437433408312, 0.3640643389564535, 0.15288045288045288, 0.26165924537145535, 0.5094462540716612, 0.40797051370651927]
 Tipo: B
21 - Coordendas: [0.39552856748550913, 0.11563447379818101, 0.4125123570117215, 0.2843506952627858, 0.7549425831656209, 0.46204393879952926, 0.15434565434565434, 0.5619873447386923, 0.4631921824104234, 0.19304307763188217]
 Tipo: B
22 - Coordendas: [0.6485417241696567, 0.45604157644001725, 0.6496257590735772, 0.5419514494461466, 0.4506925535693146, 0.24553746567281287, 0.04868464868464868, 0.22217014295758145, 0.2977198697068404, 0.1384473623589035]
 Tipo: B
23 - Coordendas: [0.43509062471248505, 0.20485058466868766, 0.4411806242056207, 0.32618430355880274, 0.7383686515922814, 0.262014515496273, 0.1333999333999334, 0.3808296226857277, 0.6182410423452768, 0.2930200414651004]
 Tipo: B
24 - Coordendas: [0.709264881773852, 0.1411866608921611, 0.7686767405733653, 0.6040537355644591, 0.5974902332188943, 0.8053158101216163, 0.4828504828504828, 0.7382235762831029, 0.6684039087947883, 0.5003455425017277]
 Tipo: B
25 - Coordendas: [0.18842579814150334, 0.28627111303594616, 0.21183448665442733, 0.12609003063869903, 0.6389250621522434, 0.5978815221655551, 1.0422910422910423, 0.5126552613077103, 0.6846905537459284, 0.6477770099055518]
 Tipo: B
26 - Coordendas: [0.43877081608243623, 0.4097011693373754, 0.4562914842536364, 0.3255950978081546, 0.66615366402273, 0.46449588073754416, 0.22787212787212788, 0.43801265526130767, 0.6078175895765472, 0.28081087307072117]
 Tipo: B
27 - Coordendas: [0.6126598583126323, 0.24339540926808134, 0.6131902273690156, 0.504713646005185, 0.2867290162187759, 0.2020890545311887, 0.061838161838161834, 0.20189828919615654, 0.1908794788273616, 0.16563003916148356]
 Tipo: B
28 - Coordendas: [0.4277302419725826, 0.8042442615851016, 0.4389210563479735, 0.32005656375206226, 0.48466911329466084, 0.32542173401333857, 0.2384282384282384, 0.2363487227560347, 0.4814332247557003, 0.21469707440681873]
 Tipo: B
29 - Coordendas: [0.6559021069095592, 0.0935469900389779, 0.653015110860048, 0.5573886401131275, 0.4789866224695159, 0.16516280894468421, 0.05877455877455877, 0.32024841809233656, 0.20390879478827365, 0.10734853720340945]
 Tipo: B
30 - Coordendas: [0.5040942128990707, 0.09138155045474228, 0.49484536082474223, 0.39335375913268916, 0.2496744406298093, 0.10322675559042763, 0.023886113886113884, 0.13463791891258495, 0.3602605863192182, 0.17945173923059213]
 Tipo: B
31 - Coordendas: [0.1554880853804397, 0.16154179298397567, 0.15012003954243755, 0.09863304265849633, 0.4587427489049367, 0.11465280502157708, 0.0, 0.0, 0.4312703583061888, 0.34323888504952765]
 Tipo: B
32 - Coordendas: [0.18962186033673747, 0.354265915980944, 0.22991102951560516, 0.11901956163092152, 0.5570024860897361, 0.8720086308356217, 0.6576756576756577, 0.5751113194281696, 0.8273615635179152, 0.8083390923750287]
 Tipo: B
33 - Coordendas: [0.5905787100929248, 0.26981377219575564, 0.5887586499082051, 0.4818524628800377, 0.3165620930507872, 0.18428795606120046, 0.07262737262737262, 0.17260370283571597, 0.38436482084690554, 0.10757889887122783]
 Tipo: B
34 - Coordendas: [0.8757935412641457, 0.3278475530532697, 0.8870216071176387, 0.8185246288003771, 0.5236178524920091, 0.32022361710474695, 0.1952047952047952, 0.566557300210921, 0.2833876221498371, 0.08269983874683258]
 Tipo: B
35 - Coordendas: [0.4516514858772656, 0.45257687310524036, 0.4603869509956221, 0.34209285882630214, 0.5339173671125843, 0.30315810121616316, 0.08508158508158507, 0.2553316147176002, 0.6247557003257328, 0.24326192121630957]
 Tipo: B
36 - Coordendas: [0.6052994755727298, 0.13772195755738412, 0.632679000141223, 0.4923403252415743, 0.6211672783236653, 0.4895056885052962, 0.26173826173826176, 0.5215608155612843, 0.5876221498371336, 0.24625662289794986]
 Tipo: B
37 - Coordendas: [0.4470512466648265, 0.3559982676483326, 0.4479593277785624, 0.3352580721187839, 0.42713389369006743, 0.24333071792859948, 0.08887778887778887, 0.16322943520037497, 0.30814332247556997, 0.18958765261460495]
 Tipo: B
38 - Coordendas: [0.7331861256785351, 0.3486357730619315, 0.7633102669114532, 0.643412679707754, 0.340357523381082, 0.4772459788152216, 0.3013653013653013, 0.4173892664635575, 0.4456026058631921, 0.2900253397834601]
 Tipo: B
39 - Coordendas: [0.6144999539976078, 0.19185794716327412, 0.6281598644259285, 0.515083667216592, 0.3557476026991832, 0.2751078854452727, 0.1414918414918415, 0.28954769158659477, 0.476872964169381, 0.152729785763649]
 Tipo: B
40 - Coordendas: [0.42220995491765567, 0.36032914681680367, 0.4294591159440757, 0.31369314164506246, 0.3886586953948147, 0.2836406433895645, 0.18265068265068266, 0.16733067729083664, 0.63257328990228, 0.2379636028564848]
 Tipo: B
41 - Coordendas: [0.5666574661882418, 0.43395409268081403, 0.5958197994633527, 0.46358708460994574, 0.4039303894873919, 0.43899568458218907, 0.3613053613053613, 0.4112959925005859, 0.3270358306188925, 0.18106427090532132]
 Tipo: B
42 - Coordendas: [0.46637225135707056, 0.5197055002165438, 0.49371557689591866, 0.3585906198444497, 0.19794009707588486, 0.4311494703805414, 0.2645021645021645, 0.34895711272556834, 0.09315960912052121, 0.3282653766413268]
 Tipo: B
43 - Coordendas: [0.37528751495077745, 0.18362927674317886, 0.39118768535517573, 0.2715060098986566, 0.5998579377293715, 0.35106904668497446, 0.1797202797202797, 0.3914928521209281, 0.46644951140065144, 0.38539507026030884]
 Tipo: B
44 - Coordendas: [0.4516514858772656, 0.33044608055435254, 0.4735206891681965, 0.3402074004242281, 0.48537942464780404, 0.4708709297763829, 0.22097902097902097, 0.3681743613780173, 0.5908794788273616, 0.24879060124395308]
 Tipo: B
45 - Coordendas: [0.8573925844143895, 0.21567778258986564, 0.860189238808078, 0.7969596983266556, 0.49295607908133077, 0.2341114162416634, 0.18401598401598399, 0.5346847902507617, 0.42410423452768725, 0.09744298548721503]
 Tipo: B
46 - Coordendas: [0.39460851964302135, 0.09701169337375487, 0.4147719248693687, 0.28611831251473013, 0.8413637977980348, 0.4497842291094547, 0.26307026307026304, 0.6503398172017811, 0.6241042345276873, 0.38700760193503786]
 Tipo: B
47 - Coordendas: [0.6660226331769252, 0.7418796015591165, 0.6886033046179918, 0.5661088852227197, 0.3504202675506097, 0.4144762652020401, 0.3672993672993673, 0.5165221467072885, 0.18371335504886002, 0.2061736926975351]
 Tipo: B
48 - Coordendas: [0.6402612935872665, 0.10610653962754435, 0.6569693546109306, 0.5311100636342211, 0.8543861726056587, 0.3833366025892507, 0.3363303363303363, 0.775134755097258, 0.5967426710097719, 0.28173231974199503]
 Tipo: B
49 - Coordendas: [0.3513662710460944, -0.0437418796015591, 0.35277503177517294, 0.2522979024275277, 0.5127264117438144, 0.1862495096116124, 0.08428238428238427, 0.19896883056011247, 0.20912052117263843, 0.2686017046763419]
 Tipo: B
50 - Coordendas: [0.48201306467936333, 0.4036379385015157, 0.5038836322553312, 0.36483620080131984, 0.6744406298093999, 0.4698901530011769, 0.2722277722277722, 0.25380829622685724, 0.6931596091205211, 0.38240036857866855]
 Tipo: B
51 - Coordendas: [0.7046646425614131, 0.19575573841489818, 0.7340771077531422, 0.5991044072590148, 0.7170593109979875, 0.5615927814829345, 0.33186813186813185, 0.8277478322006093, 0.6879478827361564, 0.2561621746141443]
 Tipo: B
52 - Coordendas: [0.45717177293219236, 0.18362927674317886, 0.4722496822482701, 0.3337261371670987, 0.7478394696341898, 0.496371125931738, 0.03899433899433899, 0.20939770330442936, 0.9114006514657981, 0.3102971665514857]
 Tipo: B
53 - Coordendas: [0.7377863648909743, 0.20744911216977038, 0.7578025702584381, 0.6375206222012727, 0.36794128092814027, 0.44242840329540994, 0.2166167166167166, 0.44293414576986173, 0.5348534201954396, 0.15503340244183367]
 Tipo: B
54 - Coordendas: [0.29340325696936237, 0.1801645734084019, 0.2931789295297274, 0.1984444968182889, 0.7194270155084646, 0.30026480972930564, 0.0360972360972361, 0.15116006561987344, 1.0964169381107491, 0.39760423865468775]
 Tipo: B
55 - Coordendas: [0.5399760787560952, 0.4612386314421827, 0.5485100974438638, 0.43719066698090975, 0.2708653959985793, 0.3127697136131817, 0.20399600399600398, 0.21877197093977033, 0.33876221498371334, 0.20271826768025802]
 Tipo: B
56 - Coordendas: [0.6844235900266813, 0.2520571676050237, 0.7111989831944642, 0.586495404195145, 0.5313128921510596, 0.46351510396233814, 0.2666333666333666, 0.49484415280056243, 0.5550488599348534, 0.2713660446901635]
 Tipo: B
57 - Coordendas: [0.7193854080412181, 0.3005630142919012, 0.7356305606552747, 0.626090030638699, 0.4635965431514147, 0.3409180070615928, 0.13549783549783548, 0.2648230606983829, 0.5426710097719869, 0.1501958074176458]
 Tipo: B
58 - Coordendas: [0.5482565093384855, 0.2360329146816804, 0.5562773619545263, 0.4290596276219656, 0.546466201018113, 0.3382699097685366, 0.10975690975690976, 0.28005624560581205, 0.4397394136807816, 0.22252937111264687]
 Tipo: B
59 - Coordendas: [0.43141043334253376, 0.40277176266782144, 0.44372263804547374, 0.32135281640348806, 0.5797324493903161, 0.36852687328364064, 0.13986013986013987, 0.25275369111788143, 0.5205211726384364, 0.2826537664132689]
 Tipo: B
60 - Coordendas: [0.4847732082068267, 0.5075790385448246, 0.4856658664030505, 0.3806269149186896, 0.3467503255593703, 0.15996469203609257, 0.05707625707625707, 0.14776189360206235, 0.3153094462540717, 0.1709283575213085]
 Tipo: B
61 - Coordendas: [0.5786180881405832, 0.2728453876136855, 0.5756249117356305, 0.47478199387226017, 0.37670178761690537, 0.14986269125147117, 0.11834831834831835, 0.2877900164049684, 0.2840390879478828, 0.10135913384012901]
 Tipo: B
62 - Coordendas: [0.6218603367375103, 0.31139021221307916, 0.6260415195593844, 0.5202686778222956, 0.3173907896294542, 0.21763436641820322, 0.09593739593739593, 0.15573002109210218, 0.26905537459283374, 0.07970513706519246]
 Tipo: B
63 - Coordendas: [0.4847732082068267, 0.3126894759636206, 0.4869368733229769, 0.37332076361065286, 0.4014442997513911, 0.23249313456257356, 0.12937062937062938, 0.2731427232247481, 0.5928338762214983, 0.22897949781156424]
 Tipo: B
64 - Coordendas: [0.38172784984819214, 0.5075790385448246, 0.39118768535517573, 0.2768088616544897, 0.5094116254291464, 0.3067869752844253, 0.16063936063936063, 0.26447152566205767, 0.6319218241042346, 0.30361667818474997]
 Tipo: B
65 - Coordendas: [0.5721777532431686, 0.2906019922044174, 0.5696935461093066, 0.4691256186660382, 0.23108796022256428, 0.12681443703413103, 0.1443889443889444, 0.12948207171314743, 0.2781758957654723, 0.09237502879520847]
 Tipo: B
66 - Coordendas: [0.43233048118502154, 0.2360329146816804, 0.4476768817963564, 0.32641998585906196, 0.7123239019770333, 0.35920949391918405, 0.14249084249084248, 0.36700257792359975, 0.5166123778501628, 0.2688320663441603]
 Tipo: B
67 - Coordendas: [0.29432330481185015, 0.29493287137288865, 0.30122864002259575, 0.19985859061984448, 0.6330058008760507, 0.32189093762259713, 0.05887445887445888, 0.22439653152097494, 0.5537459283387621, 0.38562543192812726]
 Tipo: B
68 - Coordendas: [0.5970190449903395, 0.14465136422693803, 0.614743680271148, 0.47466415272213053, 0.6448443234284362, 0.47136131816398597, 0.19267399267399268, 0.6170611670963206, 0.4684039087947882, 0.3236581432849575]
 Tipo: B
69 - Coordendas: [0.5335357438586805, 0.2498917280207881, 0.530716000564892, 0.4230497289653547, 0.5407837101929679, 0.16163201255394272, 0.12164502164502164, 0.3355987813452074, 0.34527687296416937, 0.096521538815941]
 Tipo: B
70 - Coordendas: [0.4148495721777532, 0.16760502381983536, 0.42649343313091365, 0.3080367664388404, 0.6152480170474725, 0.30845429580227546, 0.17675657675657674, 0.23072416217483008, 0.4684039087947882, 0.3086846348767567]
 Tipo: B
71 - Coordendas: [0.7258257429386327, 0.4110004330879168, 0.7390199124417456, 0.6332783407966062, 0.5118977151651474, 0.31419183993723027, 0.22723942723942722, 0.5801499882821655, 0.2781758957654723, 0.11840589725869627]
 Tipo: B
72 - Coordendas: [0.6163400496825834, 0.24296232135123416, 0.6209574918796781, 0.5090737685599811, 0.47519829525275253, 0.2607395056885053, 0.058341658341658345, 0.22029528943051324, 0.371986970684039, 0.21216309606081551]
 Tipo: B
73 - Coordendas: [0.252001104057411, 0.32481593763533984, 0.2392317469283999, 0.17039830308743817, 0.1997158754587428, 0.01990976853668104, 0.0, 0.0, 0.3863192182410423, 0.2794287030638102]
 Tipo: B
74 - Coordendas: [0.6835035421841935, 0.390212213079255, 0.7377489055218189, 0.5980438369078482, 0.413637977980348, 0.7268536681051393, 0.4535464535464535, 0.7736114366065151, 0.426058631921824, 0.45104814558857403]
 Tipo: B
75 - Coordendas: [0.253657190173889, 0.054135989605889986, 0.2464341194746505, 0.17086966768795664, 0.4720018941636084, 0.10612004707728522, 0.0, 0.0, 0.5491856677524429, 0.2736696613683483]
 Tipo: B
76 - Coordendas: [0.6006992363602907, 0.35383282806409694, 0.6257590735771783, 0.48856940843742636, 0.6306380963655736, 0.46743821106316197, 0.2857142857142857, 0.6305366768221232, 0.4859934853420195, 0.19465560930661135]
 Tipo: B
77 - Coordendas: [0.3642469408409236, 0.3408401905586833, 0.37565315633385116, 0.26691020504360125, 0.5655262223274536, 0.27079246763436643, 0.16463536463536463, 0.3435669088352472, 0.27752442996742677, 0.318129463257314]
 Tipo: B
78 - Coordendas: [0.7414665562609254, 0.2607189259419661, 0.7758791131196159, 0.6432948385576243, 0.5469397419202084, 0.573852491173009, 0.25710955710955713, 0.7197093977033044, 0.39609120521172636, 0.3766413268832067]
 Tipo: B
79 - Coordendas: [0.5114545956389731, 0.3183196188826331, 0.5031775172998164, 0.41055856705161436, 0.25725109506333604, 0.03491565319733228, 0.003976023976023976, 0.06385048043121631, 0.30488599348534196, -0.011287721723105213]
 Tipo: B
80 - Coordendas: [0.5418161744410708, 0.3819835426591597, 0.5490749894082757, 0.4309450860240396, 0.45850597845388896, 0.2915358964299725, 0.059840159840159834, 0.24490274197328332, 0.5218241042345275, 0.2563925362819627]
 Tipo: B
81 - Coordendas: [0.6991443555064862, 0.12732784755305324, 0.7131761050699055, 0.6072354466179589, 0.5409020954184919, 0.34229109454688117, 0.2737928737928738, 0.5096086243262246, 0.4423452768729641, 0.09352683713430086]
 Tipo: B
82 - Coordendas: [0.7028245468764374, 0.5760069294066694, 0.717130348820788, 0.6118312514730144, 0.43932757191902455, 0.32699097685366807, 0.10329670329670329, 0.3464963674712913, 0.40716612377850164, 0.14558857406127618]
 Tipo: B
83 - Coordendas: [0.5132946913239488, 0.3616284105673451, 0.5384832650755543, 0.40337025689370726, 0.4139931336569196, 0.41398587681443705, 0.342990342990343, 0.5145301148347785, 0.30814332247556997, 0.21884358442755128]
 Tipo: B
84 - Coordendas: [0.33756555340877725, 0.6279774794283238, 0.34204208445134876, 0.23980674051378742, 0.5201846809518172, 0.25970969007453903, 0.07922077922077922, 0.18924302788844624, 0.5452768729641694, 0.25224602626123016]
 Tipo: B
85 - Coordendas: [0.3734474192658017, 0.18233001299263743, 0.3796074000847338, 0.2700919160971011, 0.32248135432697994, 0.25210867006669285, 0.11808191808191808, 0.24302788844621515, 0.6143322475570032, 0.23312600783229678]
 Tipo: B
86 - Coordendas: [0.24712485049222555, 0.33650931139021206, 0.24996469425222428, 0.1715767145887344, 0.4360127856043566, 0.211847783444488, 0.09816849816849817, 0.17740801499882822, 0.7674267100977198, 0.2715964063579822]
 Tipo: B
87 - Coordendas: [0.43509062471248505, 0.2576873105240364, 0.4368027114814292, 0.3300730615130804, 0.6211672783236653, 0.20385445272655942, 0.11961371961371961, 0.30466369814858213, 0.18175895765472305, 0.16378714581893583]
 Tipo: B
88 - Coordendas: [0.43785076823994845, 0.17193590298830655, 0.4592571670667985, 0.33290124911619134, 0.3357404995856518, 0.37872695174578264, 0.22397602397602398, 0.3092336536208109, 0.28599348534201957, 0.35107118175535595]
 Tipo: B
89 - Coordendas: [0.5675775140307295, 0.20008661758336935, 0.5863578590594549, 0.46594390761253823, 0.487865514383805, 0.3216947822675559, 0.30945720945720945, 0.4081321771736583, 0.4964169381107491, 0.22414190278737622]
 Tipo: B
90 - Coordendas: [0.26635385040022075, 0.28367258553486346, 0.2701595819799464, 0.17900070704690074, 0.66615366402273, 0.2596116123970184, 0.05847485847485847, 0.22873213030232012, 0.5693811074918566, 0.24211011287721734]
 Tipo: B
91 - Coordendas: [0.21041494157696206, 0.09311390212213072, 0.24996469425222428, 0.12396888993636576, 1.3113531431277377, 1.0029423303256177, 0.324009324009324, 0.6154206702601359, 0.8586319218241043, 0.9831835982492512]
 Tipo: B
92 - Coordendas: [0.7285858864660962, 0.5114768297964486, 0.8234712611213104, 0.6381098279519208, 0.5545163963537351, 0.9960768928991762, 0.91008991008991, 1.1379189125849543, 0.639087947882736, 0.3833218152499424]
 Tipo: M
93 - Coordendas: [0.7690679915355597, 0.1533131225638804, 0.8291201807654286, 0.660971011077068, 0.6472120279389133, 0.9519419380149078, 0.6916416916416916, 1.1431919381298334, 0.9517915309446253, 0.41419027873761793]
 Tipo: M
94 - Coordendas: [1.0883245928788294, 0.401039411000433, 1.0889704843948596, 1.129507423992458, 0.433289925417308, 0.19350725774813654, 0.267066267066267, 0.6846730724162176, 0.31921824104234525, -0.05482607694079705]
 Tipo: M
95 - Coordendas: [0.9401968902382922, 0.5976613252490254, 0.9943510803558818, 0.9261135988687249, 0.6448443234284362, 0.8023734797959984, 0.5634365634365633, 0.9308647761893601, 0.5648208469055375, 0.28864316977654914]
 Tipo: M
96 - Coordendas: [1.1784892814426349, 0.6236466002598526, 1.2231323259426636, 1.2355644591091208, 0.5785485971350777, 0.68418987838368, 0.8474858474858474, 1.3463791891258496, 0.7439739413680782, 0.2024879060124395]
 Tipo: M
97 - Coordendas: [0.8316312448247307, 0.542226071892594, 0.8319446405874876, 0.771034645298138, 0.3484077187167041, 0.23200274617497058, 0.10985680985680985, 0.38938364190297636, 0.30488599348534196, 0.10665745219995397]
 Tipo: M
98 - Coordendas: [0.619100193210047, 0.4378518839324381, 0.6554159017087983, 0.5119019561630921, 0.7845388895465847, 0.7116516280894468, 0.31188811188811183, 0.7013123974689478, 0.7400651465798044, 0.5107118175535592]
 Tipo: M
99 - Coordendas: [0.6246204802649736, 0.5010827197921177, 0.661488490326225, 0.5248644826773509, 0.7975612643542085, 0.5262848175755198, 0.46120546120546124, 0.7647058823529411, 0.5042345276872964, 0.3784842202257544]
 Tipo: M
100 - Coordendas: [1.5888306191921977, 0.41056734517106963, 1.72871063409123, 1.9060806033466886, 1.0899727713981295, 1.3109062377402905, 1.4212454212454213, 2.3576283102882587, 1.0390879478827362, 0.3784842202257544]
 Tipo: M
101 - Coordendas: [1.0165608611647805, 0.26548289302728456, 1.040954667419856, 0.9975253358472779, 0.4361311708298804, 0.5091212240094155, 0.36297036297036295, 0.7328333723927818, 0.4299674267100976, 0.12577747062888733]
 Tipo: M
102 - Coordendas: [0.6660226331769252, 0.5370290168904287, 0.714305888998729, 0.5496111242045721, 0.6495797324493904, 1.0882699097685367, 0.6596736596736597, 0.7754862901335834, 0.8625407166123779, 0.5316747293250403]
 Tipo: M
103 - Coordendas: [0.5638973226607782, 0.20961455175400603, 0.6131902273690156, 0.4556917275512609, 1.0319640108914407, 0.7704982346018046, 0.6896436896436896, 1.1250292945863605, 0.5635179153094462, 0.5662289794978116]
 Tipo: M
104 - Coordendas: [0.7488269390008279, 0.2581203984408834, 0.7765852280751306, 0.6753476313928825, 0.4277258198176868, 0.37514711651628097, 0.2514152514152514, 0.4779704710569487, 0.3478827361563517, 0.17323197419949316]
 Tipo: M
105 - Coordendas: [0.80678995307756, 0.36812472932005186, 0.8940827566727862, 0.724840914447325, 0.848466911329466, 1.0642408787759905, 0.9703629703629703, 1.4553550503866886, 0.8566775244299674, 0.5457267910619673]
 Tipo: M
106 - Coordendas: [0.3651669886834114, 0.4603724556084885, 0.39697782799039694, 0.2682064576950271, 0.8295252752456493, 0.5022557865829738, 0.34765234765234765, 0.6642840403093508, 0.5439739413680781, 0.37687168855102504]
 Tipo: M
107 - Coordendas: [1.0092004784248778, 0.4023386747509744, 0.9943510803558818, 0.9880980438369078, 0.37161122291937965, 0.23460180462926639, 0.24285714285714283, 0.6557300210921022, 0.6964169381107491, -0.04814558857406115]
 Tipo: M
108 - Coordendas: [0.8417517710920965, 0.4313555651797314, 0.9082050557830815, 0.7722130567994343, 0.7620456966970525, 0.8965280502157709, 0.5734265734265733, 1.2045933911413171, 0.7192182410423452, 0.488827459110804]
 Tipo: M
109 - Coordendas: [0.7672278958505842, 0.28367258553486346, 0.8390057901426352, 0.6714588734386047, 0.9573813188114124, 1.025009807767752, 0.8151848151848151, 1.4553550503866886, 0.8716612377850164, 0.544114259387238]
 Tipo: M
110 - Coordendas: [0.439690863924924, 0.32135123430056295, 0.44075695523231184, 0.3389111477728023, 0.5570024860897361, 0.19497842291094547, 0.08941058941058941, 0.4118818842277947, 0.36416938110749175, 0.2425708362128541]
 Tipo: M
111 - Coordendas: [1.2530131566841476, 0.8059766132524901, 1.3601186273125265, 1.3215884987037474, 0.7715165147389608, 1.2633385641428012, 1.17016317016317, 1.781110850714788, 0.8710097719869705, 0.4105044920525225]
 Tipo: M
112 - Coordendas: [1.0699236360290734, 0.4127327847553052, 1.1059172433272138, 1.1200801319820881, 0.49449508701314077, 0.4277167516673205, 0.49617049617049613, 0.9059057886102648, 0.41498371335504874, 0.1071181755355909]
 Tipo: M
113 - Coordendas: [0.9263961726009752, 0.3620614984841921, 0.983053241067646, 0.8855762432241339, 0.7277139812951343, 0.6758532757944292, 0.636030636030636, 1.2772439653152097, 0.6977198697068404, 0.2513245795899563]
 Tipo: M
114 - Coordendas: [0.5031741650565829, 0.21567778258986564, 0.5476627594972461, 0.3931180768324299, 0.8899017402628151, 0.7386229894076108, 0.5254745254745254, 0.9478556362784158, 0.6690553745928338, 0.5480304077401521]
 Tipo: M
115 - Coordendas: [0.6421013892722421, 0.2741446513642269, 0.6727863296144613, 0.5407730379448503, 0.6744406298093999, 0.5321694782267556, 0.32597402597402597, 0.6147176001874853, 0.5524429967426709, 0.20640405436535364]
 Tipo: M
116 - Coordendas: [0.8518722973594625, 0.3486357730619315, 0.9180906651602879, 0.7796370492576008, 0.6389250621522434, 0.7886426049431149, 0.6486846486846487, 1.060698382938833, 0.5315960912052116, 0.3340244183367887]
 Tipo: M
117 - Coordendas: [1.7249976998803938, 0.2919012559549588, 1.8416890269735913, 2.1995050671694556, 0.7371847993370428, 1.0637504903883876, 1.1215451215451215, 2.241621748300914, 0.5837133550488598, 0.20433079935498738]
 Tipo: M
118 - Coordendas: [1.1306467936332687, 0.6821134690342138, 1.1878265781669257, 1.2002121140702333, 0.48987806321771044, 0.7479403687720675, 0.5517815517815517, 0.8897351769393016, 0.5166123778501628, 0.23658143284957384]
 Tipo: M
119 - Coordendas: [0.7635477044806328, 0.5062797747942831, 0.7785623499505719, 0.6682771623851049, 0.4491535456375044, 0.42085131424087885, 0.17898767898767898, 0.38235294117647056, 0.43452768729641683, 0.24948168624740855]
 Tipo: M
120 - Coordendas: [1.1683687551752688, 0.47466435686444336, 1.216071176387516, 1.2379212821117134, 0.5367586125251569, 0.5615927814829345, 0.6203796203796204, 1.2924771502226389, 0.6657980456026057, 0.1108039622206865]
 Tipo: M
121 - Coordendas: [1.5005060263133678, 0.6907752273711563, 1.6256178505860757, 1.8165213292481734, 0.7277139812951343, 0.9269321302471557, 1.173160173160173, 1.8982891961565505, 0.7426710097719869, 0.22920985947938263]
 Tipo: M
122 - Coordendas: [0.6632624896494617, 0.5669120831528799, 0.6931224403332863, 0.5505538534056093, 0.4972179472001895, 0.5454099646920361, 0.37129537129537127, 0.7572064682446683, 0.765472312703583, 0.2762036397143515]
 Tipo: M
123 - Coordendas: [0.984359186677707, 0.43395409268081403, 1.0395424375088267, 0.9665331133631865, 0.6969338226589322, 0.7214593958415065, 0.6177156177156177, 1.2350597609561753, 0.5934853420195438, 0.21469707440681873]
 Tipo: M
124 - Coordendas: [0.9769988039378048, 0.5461238631442181, 1.0621381160852987, 0.9863304265849634, 0.4766189179590387, 0.8877010592389172, 0.7112887112887113, 1.1741270213264587, 0.4143322475570032, 0.4918221607924443]
 Tipo: M
125 - Coordendas: [0.854632440886926, 0.4326548289302728, 0.8912582968507273, 0.7897713881687486, 0.7608618444418137, 0.5517850137308747, 0.4921744921744921, 0.9946097961096789, 0.5785016286644951, 0.24026721953466962]
 Tipo: M
126 - Coordendas: [1.4986659306283927, 0.4902555218709397, 1.5295862166360683, 1.8176997407494697, 0.3759914762637624, 0.4664574342879561, 0.44089244089244084, 1.1368643074759783, 0.4827361563517915, 0.07348537203409364]
 Tipo: M
127 - Coordendas: [0.9539976078756095, 0.5344304893893459, 0.9491597232029375, 0.9304737214235211, 0.4023913815555819, 0.21341702628481757, 0.09627039627039627, 0.3324349660182798, 0.32833876221498376, 0.016816401750748708]
 Tipo: M
128 - Coordendas: [0.9604379427730242, 0.6427024686011259, 0.9985877700889706, 0.9480320527928352, 0.5678939268379306, 0.46694782267555907, 0.56010656010656, 0.7730255448793063, 0.16156351791530943, 0.14558857406127618]
 Tipo: M
129 - Coordendas: [0.6098997147851687, 0.6050238198354265, 0.6209574918796781, 0.505656375206222, 0.47294897596779917, 0.29050608081600626, 0.175990675990676, 0.3614951956878369, 0.4566775244299674, 0.20640405436535364]
 Tipo: M
130 - Coordendas: [1.2824546876437575, 0.6223473365093113, 1.4010732947323825, 1.41821824181004, 0.6779921865751154, 1.001471165162809, 1.056943056943057, 1.7272088118115774, 0.7094462540716612, 0.37894494356139147]
 Tipo: M
131 - Coordendas: [0.815990431502438, 0.5729753139887396, 0.8460669396977828, 0.7532406316285647, 0.3714928376938558, 0.3963318948607297, 0.3309357309357309, 0.6285446449496134, 0.5127035830618892, 0.02395761345312138]
 Tipo: M
132 - Coordendas: [0.5040942128990707, 0.5768731052403636, 0.5674339782516593, 0.39170398303087434, 0.7809873327808691, 1.079933307179286, 0.7569097569097569, 1.001054605108976, 0.6319218241042346, 0.6931582584657914]
 Tipo: M
133 - Coordendas: [0.8021897138651208, 0.4153313122563879, 0.810761191922045, 0.7342682064576951, 0.5130815674203859, 0.3364554727344057, 0.21954711954711956, 0.6080384344973049, 0.3635179153094462, 0.07256392536281962]
 Tipo: M
134 - Coordendas: [1.250253013156684, 0.3053269813772195, 1.2584380737184016, 1.3934716002828187, 0.38013495915709716, 0.2906041584935269, 0.2893772893772894, 0.8222404499648465, 0.4899022801302931, 0.09974660216539968]
 Tipo: M
135 - Coordendas: [1.482105069463612, 0.3945430922477261, 1.5295862166360683, 1.8129860947442846, 0.4828933349118031, 0.5302079246763437, 0.5581085581085581, 1.1752988047808766, 0.2899022801302931, 0.0575904169546188]
 Tipo: M
136 - Coordendas: [1.3588186585702455, 0.44478129060199206, 1.4617991809066517, 1.5879094979967003, 0.48987806321771044, 0.866614358571989, 0.7309357309357309, 1.2749003984063745, 0.4306188925081433, 0.22114720110573607]
 Tipo: M
137 - Coordendas: [0.8095500966050233, 0.31052403637938497, 0.8446547097867532, 0.751237332076361, 0.5264590979045816, 0.5385445272655944, 0.33146853146853145, 0.7740801499882821, 0.5094462540716612, 0.19534669431006682]
 Tipo: M
138 - Coordendas: [0.8325512926672187, 0.20744911216977038, 0.8757237678294025, 0.7656139523921753, 0.5005327335148573, 0.5772852098862299, 0.4009324009324009, 0.8250527302554488, 0.470358306188925, 0.1709283575213085]
 Tipo: M
139 - Coordendas: [1.2263317692520008, 0.7076656561281938, 1.2584380737184016, 1.3486919632335612, 0.5607908133064995, 0.4385052961945861, 0.5058275058275058, 1.093625498007968, 0.4912052117263843, 0.07786224372264457]
 Tipo: M
140 - Coordendas: [1.0745238752415125, 0.27717626678215673, 1.0960316339500071, 1.100047136460052, 0.6247188350893809, 0.44438995684582194, 0.48518148518148513, 1.0153503632528709, 0.5902280130293158, 0.22552407279428702]
 Tipo: M
141 - Coordendas: [1.018400956849756, 0.23516673884798603, 1.0790848750176527, 1.016379919868018, 0.6377412098970049, 0.9573362102785407, 0.5607725607725608, 1.2655261307710335, 0.711400651465798, 0.3314904399907855]
 Tipo: M
142 - Coordendas: [1.14260741558561, 0.5534863577306192, 1.2047733370992797, 1.1919632335611596, 0.5927548241979401, 0.6689878383679874, 0.6823176823176823, 1.0412467775955003, 0.5980456026058631, 0.17645703754895184]
 Tipo: M
143 - Coordendas: [0.7580274174257061, 0.8618449545257686, 0.8418302499646944, 0.6757011548432712, 0.6176157215579496, 0.9284032954099647, 0.8491508491508492, 1.1048746191703773, 0.6957654723127035, 0.4418336788758351]
 Tipo: M
144 - Coordendas: [0.7111049774588278, 0.4707665656128193, 0.7309702019488772, 0.6049964647654961, 0.7229785722741802, 0.574342879560612, 0.43056943056943053, 0.9518397000234357, 0.6299674267100975, 0.35107118175535595]
 Tipo: M
145 - Coordendas: [1.216211242984635, 0.6977046340407101, 1.2697359130066375, 1.2850577421635634, 0.5495442168817332, 0.7234209493919184, 0.5464535464535464, 1.482306069838294, 0.530944625407166, 0.18106427090532132]
 Tipo: M
146 - Coordendas: [1.1564081332229275, 0.5409268081420527, 1.2019488772772209, 1.2143530520857884, 0.5726293358588849, 0.5512946253432719, 0.618048618048618, 1.1963909069603937, 0.6052117263843647, 0.14973508408200886]
 Tipo: M
147 - Coordendas: [0.9641181341429754, 1.2368990905153745, 0.983053241067646, 0.915743577657318, 0.5385343909080147, 0.5414868575912122, 0.4718614718614718, 1.0324584016873681, 0.4879478827361563, 0.16862474084312368]
 Tipo: M
148 - Coordendas: [1.284294783328733, 0.5560848852317019, 1.3431718683801726, 1.4382512373320764, 0.5690777790931691, 0.6925264809729306, 0.903096903096903, 1.5350363252870871, 0.7459283387622149, 0.15296014743146738]
 Tipo: M
149 - Coordendas: [1.0561229183917562, 0.33780857514075346, 1.0917949442169186, 1.0976903134574594, 0.5458742748904937, 0.42134170262848175, 0.44455544455544455, 1.0305835481603, 0.698371335504886, 0.18152499424095841]
 Tipo: M
150 - Coordendas: [1.14260741558561, 0.3230835859679514, 1.1779409687897189, 1.180179118548197, 0.6045933467503256, 0.6121027854060416, 0.5414585414585414, 1.1089758612608391, 0.5426710097719869, 0.1515779774245566]
 Tipo: M
151 - Coordendas: [0.8362314840371698, 0.38674750974447797, 0.8517158593419007, 0.7944850341739336, 0.4622943056706523, 0.31806590819929387, 0.3253080253080253, 0.7778298570424185, 0.48078175895765457, 0.03616678184750062]
 Tipo: M
152 - Coordendas: [1.187689759867513, 0.41316587267215243, 1.2245445558536932, 1.2614895121376384, 0.6045933467503256, 0.547371518242448, 0.46986346986346983, 1.105108975861261, 0.48338762214983705, 0.21976503109882514]
 Tipo: M
153 - Coordendas: [0.7828687091728769, 0.40060632308358585, 0.8277079508543992, 0.7084609945793071, 0.750207174144667, 0.6709493919183994, 0.6297036297036297, 1.0678462620107805, 0.5661237785016285, 0.3478461184058973]
 Tipo: M
154 - Coordendas: [1.071763731714049, 0.6232135123430055, 1.1440474509250105, 1.1130096629743107, 0.6365573576417662, 0.8303256178893684, 0.7722277722277722, 1.4576986172955237, 0.7315960912052116, 0.2218382861091914]
 Tipo: M
155 - Coordendas: [1.6237924372067345, 0.4711996535296665, 1.7188250247140235, 2.000353523450389, 0.5963063809636557, 0.9377206747744214, 0.7692307692307693, 1.7236934614483244, 0.6065146579804559, 0.346694310066805]
 Tipo: M
156 - Coordendas: [0.493053638789217, 0.6990038977912515, 0.5276090947606271, 0.39347160028281875, 0.60104178998461, 0.5684582189093762, 0.3613053613053613, 0.5345676119053199, 0.575244299674267, 0.392305920294863]
 Tipo: M
157 - Coordendas: [0.7801085656454135, 0.050671286271113024, 0.8291201807654286, 0.6992693848691963, 0.8650408429028058, 0.6675166732051785, 0.6766566766566766, 1.2854464494961333, 0.5902280130293158, 0.42271366044690173]
 Tipo: M
158 - Coordendas: [0.5905787100929248, 0.42442615851017745, 0.6333851150967378, 0.48691963233561164, 0.6862791523617854, 0.6253432718713221, 0.48118548118548116, 0.9575814389500821, 0.6879478827361564, 0.48168624740843113]
 Tipo: M
159 - Coordendas: [0.7718281350630231, 0.5214378518839324, 0.7966388928117498, 0.689017204807919, 0.46608263288741564, 0.413005100039231, 0.3736263736263736, 0.8768455589407077, 0.4280130293159608, 0.19880211932734404]
 Tipo: M
160 - Coordendas: [0.6098997147851687, 0.617583369423993, 0.6250529586216635, 0.5175583313693142, 0.5001775778382859, 0.32233228717143986, 0.2872127872127872, 0.5260135926880712, 0.3576547231270357, 0.14674038240036857]
 Tipo: M
161 - Coordendas: [0.9392768423958046, 0.4915547856214811, 0.9576331026691145, 0.924817346217299, 0.5283532615129632, 0.3460670851314241, 0.3017316017316017, 0.7648230606983829, 0.5257328990228013, 0.07970513706519246]
 Tipo: M
162 - Coordendas: [1.862084828411077, 0.4828930272845387, 1.953255189944923, 2.482323827480556, 0.6720729252989227, 0.8435661043546488, 0.9560439560439561, 2.200609327396297, 0.4820846905537458, 0.12347385395070268]
 Tipo: M
163 - Coordendas: [0.7801085656454135, 0.37938501515807704, 0.8178223414771925, 0.7134103228847513, 0.6697052207884457, 0.5047077285209887, 0.4881784881784882, 0.9476212795875322, 0.5674267100977197, 0.12946325731398295]
 Tipo: M
164 - Coordendas: [0.8849940196890238, 0.7518406236466001, 0.9110295156051403, 0.8420928588263021, 0.37788563987214396, 0.4066300510003923, 0.308058608058608, 0.621279587532224, 0.34527687296416937, 0.09536973047684875]
 Tipo: M
165 - Coordendas: [0.5381359830711197, 0.5028150714595061, 0.5856517441039402, 0.42387461701626206, 0.6649698117674914, 0.787171439780306, 0.5644355644355644, 0.8039606280759316, 0.6925081433224755, 0.46533056899331937]
 Tipo: M
166 - Coordendas: [0.7837887570153647, 0.4486790818536161, 0.8347691004095468, 0.7772802262550083, 0.702853083935125, 0.6753628874068262, 0.5068265068265068, 0.9937895476915866, 0.6677524429967425, 0.37548951854411444]
 Tipo: M
167 - Coordendas: [0.8095500966050233, 0.5279341706366392, 0.8743115379183731, 0.7531227904784351, 0.7442879128684742, 0.7641231855629659, 0.7102897102897102, 1.1107335364424655, 0.6749185667752443, 0.4830684174153421]
 Tipo: M
168 - Coordendas: [1.264973778636489, 0.8834993503681245, 1.2979805112272278, 1.5030638699033703, 0.4979282585533325, 0.46547665751275014, 0.4552114552114552, 1.0131239746894773, 0.4618892508143322, 0.10135913384012901]
 Tipo: M
169 - Coordendas: [0.9742386604103412, 0.18752706799480293, 1.005648919644118, 0.9563987744520387, 0.5426778738013497, 0.4723420949391918, 0.32883782883782886, 0.9319193812983361, 0.4423452768729641, 0.21078092605390472]
 Tipo: M
