0 - Coordendas: [0.5993508469418806, 0.16949999999999993, 0.6370530877573131, 0.5004750916248134, 0.4139931336569196, 0.5650255001961554, 0.3344693281402142, 0.4663698148582142, 0.3184789067142008, 0.270674959686708]
 Tipo: B
1 - Coordendas: [0.5364641444365554, 0.9625, 0.5205076613527317, 0.4369485543640559, 0.2883864093761099, 0.07159670459003532, 0.0, 0.0, 0.38086749851455737, 0.16724257083621288]
 Tipo: B
2 - Coordendas: [0.2319707881123847, 0.10749999999999993, 0.27395140071196405, 0.1427989683724718, 1.3113531431277377, 1.0029423303256177, 0.23685491723466406, 0.6154206702601359, 0.7831253713606656, 0.9831835982492512]
 Tipo: B
3 - Coordendas: [0.8001825742975961, 0.47450000000000003, 0.8099365423309084, 0.7294692547848513, 0.5118977151651474, 0.31419183993723027, 0.16611489776046737, 0.5801499882821655, 0.25371360665478315, 0.11840589725869627]
 Tipo: B
4 - Coordendas: [0.4837204584643473, 0.3419999999999999, 0.49682711654542633, 0.3792588570652911, 0.6472120279389133, 0.3812769713613181, 0.1285783836416748, 0.5202718537614249, 0.3196672608437314, 0.33241188666205934]
 Tipo: B
5 - Coordendas: [0.7413530784055177, 0.305, 0.7198576071815507, 0.6639066105606081, 0.13803717296081447, 0.03614162416633973, 0.017648490749756572, 0.07323646590110149, 0.2661913250148544, 0.032711356830223554]
 Tipo: B
6 - Coordendas: [0.8853839131757786, 0.16049999999999995, 0.9009441262962388, 0.8391475498846206, 0.49709956197466554, 0.3689682228324834, 0.1736854917234664, 0.6952191235059761, 0.4491978609625669, 0.1126468555632344]
 Tipo: B
7 - Coordendas: [0.6967238056598032, 0.22299999999999995, 0.6995821080328121, 0.6025519207275688, 0.5034923641529536, 0.28197332287171445, 0.10903115871470302, 0.4348488399343801, 0.623885918003565, 0.14259387237963603]
 Tipo: B
8 - Coordendas: [0.45126280555837306, 0.23349999999999999, 0.45302584739204455, 0.3479028098276096, 0.5180537468923879, 0.2427912907022362, 0.0852726387536514, 0.3368877431450668, 0.40047534165181226, 0.14535821239345778]
 Tipo: B
9 - Coordendas: [0.3893904047063597, 0.6745, 0.3884847546819377, 0.29604995249083754, 0.3467503255593703, 0.22871714397803058, 0.037682570593963, 0.0956175298804781, 0.5442661913250149, 0.25201566459341174]
 Tipo: B
10 - Coordendas: [0.7322243635257125, 0.49050000000000005, 0.7525150905432594, 0.644631464639609, 0.43423700722149877, 0.4483130639466458, 0.12324732229795521, 0.3583313803609093, 0.26500297088532393, 0.1785302925593181]
 Tipo: B
11 - Coordendas: [0.7656963180849984, 0.16299999999999998, 0.7749574369292678, 0.6796525044115651, 0.6779921865751154, 0.35817967830521774, 0.16784323271665044, 0.7610733536442464, 0.3505644682115271, 0.20433079935498738]
 Tipo: B
12 - Coordendas: [0.6571660411806473, 0.40149999999999997, 0.6755920136201825, 0.5532781322112121, 0.6495797324493904, 0.46302471557473524, 0.10226387536514119, 0.36934614483243494, 0.393939393939394, 0.24948168624740855]
 Tipo: B
13 - Coordendas: [0.5405213510498023, 0.2899999999999999, 0.547902801423928, 0.4444142798968372, 0.4627678465727477, 0.2398489603766183, 0.08208373904576437, 0.2662292008436841, 0.392156862745098, 0.156645934116563]
 Tipo: B
14 - Coordendas: [0.8133684957906482, 0.23949999999999996, 0.8305215910849713, 0.7343559114972172, 0.36794128092814027, 0.44242840329540994, 0.15834956183057447, 0.44293414576986173, 0.4878193701723113, 0.15503340244183367]
 Tipo: B
15 - Coordendas: [0.5293640328633735, 0.2245, 0.5296393747097973, 0.4267680195466268, 0.4036936190363443, 0.22592193016869358, 0.04853943524829601, 0.19826576048746192, 0.3434343434343434, 0.2061736926975351]
 Tipo: B
16 - Coordendas: [0.4208337559590223, 0.5860000000000001, 0.42872620337409056, 0.3188543504818786, 0.5094116254291464, 0.3067869752844253, 0.11742940603700097, 0.26447152566205767, 0.5763517528223412, 0.30361667818474997]
 Tipo: B
17 - Coordendas: [0.5283497312100618, 0.12849999999999992, 0.5462002785946447, 0.4239174697977467, 0.6389250621522434, 0.37127304825421736, 0.0694985394352483, 0.3377079915631591, 0.48722519310754603, 0.2849573830914537]
 Tipo: B
18 - Coordendas: [0.33258951212090476, 0.1995, 0.3468503327658257, 0.24175376679788246, 0.5468213566946846, 0.354109454688113, 0.0871713729308666, 0.23869228966486994, 0.3404634581105169, 0.40797051370651927]
 Tipo: B
19 - Coordendas: [0.7017953139263617, 0.4259999999999999, 0.6955579631635969, 0.6235916926835889, 0.32295489522907533, 0.16614358571989016, 0.07290652385589094, 0.2425591750644481, 0.3083778966131908, 0.08293020041465098]
 Tipo: B
20 - Coordendas: [0.5557358758494777, 0.10549999999999997, 0.5423309085280915, 0.45310166960771003, 0.2496744406298093, 0.10322675559042763, 0.017461051606621227, 0.13463791891258495, 0.3285799168152109, 0.17945173923059213]
 Tipo: B
21 - Coordendas: [0.661223247793894, 0.0995, 0.6485064231543103, 0.5737749423103027, 0.2501479815319049, 0.0821890937622597, 0.006713729308666018, 0.05178111085071479, 0.1812240047534166, 0.023266528449666063]
 Tipo: B
22 - Coordendas: [0.3143320823612943, 0.21949999999999995, 0.30908528091626675, 0.23618840776435454, 0.47401444299751394, 0.13520007846214202, 0.0038875365141187923, 0.02816967424419967, 0.382055852644088, 0.18751439760423866]
 Tipo: B
23 - Coordendas: [0.30926057409473573, 0.528, 0.30026311716452553, 0.22234288041265102, 0.33787143364508115, 0.09680266771282857, 0.006012658227848101, 0.06045230841340521, 0.3386809269162211, 0.27758580972126246]
 Tipo: B
24 - Coordendas: [0.7170098387260372, 0.8215, 0.7365732858690603, 0.6201981810777792, 0.5523854622943057, 0.4571400549234994, 0.10861733203505355, 0.5043355987813453, 0.28342245989304815, 0.21584888274591113]
 Tipo: B
25 - Coordendas: [0.6155796733948677, 0.4294999999999999, 0.6008357839343753, 0.5208361612596716, 0.33112347579022144, 0.09077089054531189, 0.0016845180136319377, 0.04882821654558237, 0.4509803921568628, 0.06150656530753295]
 Tipo: B
26 - Coordendas: [0.3244750988944112, 0.3405, 0.33013465407831605, 0.2302158273381295, 0.6330058008760507, 0.32189093762259713, 0.043037974683544304, 0.22439653152097494, 0.5050505050505051, 0.38562543192812726]
 Tipo: B
27 - Coordendas: [0.45532001217161994, 0.2655, 0.4524067481813959, 0.3518392832903488, 0.4514028649224576, 0.19360533542565714, 0.0629746835443038, 0.2720881181157722, 0.3410576351752822, 0.26215157797742455]
 Tipo: B
28 - Coordendas: [0.0758697636677148, 0.7384999999999999, 0.064850642315431, 0.04791638387403286, 0.33562211436012784, 0.14417418595527656, 0.0, 0.0, 0.48128342245989303, 0.4724717806956922]
 Tipo: B
29 - Coordendas: [0.4593772187848666, 0.6605, 0.4756229685807149, 0.35292520700420793, 0.4733041316443708, 0.4056492742251863, 0.2706913339824732, 0.48101710803843456, 0.19489007724301846, 0.3077631882054825]
 Tipo: B
30 - Coordendas: [0.6997667106197384, 0.27199999999999996, 0.6899860702677604, 0.6150400434369485, 0.20871315259855572, 0.14186936053354257, 0.0497809152872444, 0.09968361846730725, 0.3250148544266192, 0.055286800276433984]
 Tipo: B
31 - Coordendas: [0.713966933766102, 0.24699999999999997, 0.7088685961925397, 0.6284783493959549, 0.319995264590979, 0.17864848960376617, 0.050803310613437194, 0.3107569721115538, 0.3143196672608438, 0.08108730707210325]
 Tipo: B
32 - Coordendas: [0.5040064915305812, 0.21200000000000002, 0.5175669401021513, 0.38441699470612184, 0.7478394696341898, 0.496371125931738, 0.02850535540408958, 0.20939770330442936, 0.8312537136066549, 0.3102971665514857]
 Tipo: B
33 - Coordendas: [0.6987524089664265, 0.49899999999999994, 0.7116545426404579, 0.5990226686575267, 0.5108322481354328, 0.4041781090623774, 0.08977604673807206, 0.277595500351535, 0.3327391562685681, 0.33494586500806256]
 Tipo: B
34 - Coordendas: [0.3356324170808398, 0.8445, 0.33864726822473296, 0.24148228586941764, 0.44595714454836044, 0.28050215770890546, 0.1460321324245375, 0.32083430981954536, 0.3166963755199049, 0.20571296936189817]
 Tipo: B
35 - Coordendas: [0.5983365452885689, 0.3749999999999999, 0.6293143476242067, 0.47454866295642734, 0.8188706049485026, 0.7194978422910945, 0.11745374878286272, 0.6213967658776658, 0.3856209150326797, 0.465100207325501]
 Tipo: B
36 - Coordendas: [0.20904757074754032, 0.4089999999999999, 0.2519733787339421, 0.13709786887471154, 0.5570024860897361, 0.8720086308356217, 0.4807692307692308, 0.5751113194281696, 0.7546048722519311, 0.8083390923750287]
 Tipo: B
37 - Coordendas: [0.5029921898772695, 0.502, 0.5274725274725275, 0.4038278810913533, 0.3956434237007222, 0.40074539034915646, 0.16002921129503409, 0.4442231075697211, 0.3137254901960784, 0.3529140750979037]
 Tipo: B
38 - Coordendas: [0.4238766609189573, 0.5345, 0.42036836403033584, 0.321433419302294, 0.5821001539007933, 0.19811690859160455, 0.021798928919182083, 0.12608389969533632, 0.3297682709447416, 0.20962911771481232]
 Tipo: B
39 - Coordendas: [0.5963079419819454, 0.12999999999999998, 0.6040860547902799, 0.49043029727161663, 0.7194270155084646, 0.3381718320910161, 0.09250243427458617, 0.39840637450199207, 0.2869875222816399, 0.2861091914305459]
 Tipo: B
40 - Coordendas: [0.6348514048077899, 0.4704999999999999, 0.6667698498684413, 0.5421474141441563, 0.3576417663075648, 0.5047077285209887, 0.24586173320350538, 0.3319662526365128, 0.3214497920380273, 0.27597327804653315]
 Tipo: B
41 - Coordendas: [0.5273354295567502, 0.16799999999999998, 0.5178764897074756, 0.43151893579476036, 0.29252989226944487, 0.06247548058061986, 0.02733690360272639, 0.059186782282634166, 0.364230540701129, 0.09560009214466714]
 Tipo: B
42 - Coordendas: [0.6754234709402577, 0.24399999999999994, 0.6746633648042096, 0.5861273245554499, 0.4924825381792352, 0.23009023146331894, 0.11453261927945473, 0.4371924068432154, 0.3903743315508021, 0.09813407049067034]
 Tipo: B
43 - Coordendas: [0.7017953139263617, 0.29500000000000004, 0.6992725584274878, 0.6188407764354553, 0.18527287794483238, 0.16580031384856808, 0.054138266796494645, 0.1569018045465198, 0.44741532976827086, 0.06956922368117949]
 Tipo: B
44 - Coordendas: [0.16127396287655948, 0.11899999999999995, 0.16622813805912398, 0.10560608117279761, 0.6034094944950871, 0.27922714790113773, 0.06243914313534567, 0.17693930161706117, 0.3672014260249555, 0.43584427551255484]
 Tipo: B
45 - Coordendas: [0.8082969875240896, 0.40249999999999997, 0.8365578083887942, 0.7411429347088366, 0.340357523381082, 0.4772459788152216, 0.2203018500486855, 0.4173892664635575, 0.40641711229946526, 0.2900253397834601]
 Tipo: B
46 - Coordendas: [0.6865807891266863, 0.6525, 0.6926172419130165, 0.606081172797611, 0.3291109269563159, 0.23877010592389175, 0.11433787731256086, 0.27466604171549097, 0.42364824717765903, 0.04492052522460263]
 Tipo: B
47 - Coordendas: [0.5973222436352571, 0.44099999999999995, 0.6017644327503482, 0.4964028776978417, 0.45850597845388896, 0.2915358964299725, 0.04374391431353457, 0.24490274197328332, 0.47593582887700525, 0.2563925362819627]
 Tipo: B
48 - Coordendas: [0.3559184501470738, 0.42849999999999994, 0.36557808388794294, 0.2614361341115787, 0.5594885758257371, 0.3256178893683797, 0.07290652385589094, 0.1407311928755566, 0.6874628639334522, 0.28726099976963854]
 Tipo: B
49 - Coordendas: [0.4979206816107111, 0.33199999999999996, 0.5016251354279523, 0.3964978960228044, 0.8271575707351722, 0.25853275794429187, 0.14432814021421617, 0.8675884696508085, 0.5674390968508616, 0.14766182907164244]
 Tipo: B
50 - Coordendas: [0.38736180139973636, -0.05049999999999999, 0.38662745704999213, 0.290620333921542, 0.5127264117438144, 0.1862495096116124, 0.06161148977604674, 0.19896883056011247, 0.19073083778966132, 0.2686017046763419]
 Tipo: B
51 - Coordendas: [0.3975048179328533, 0.11200000000000002, 0.38538925862869516, 0.3031084566309217, 0.2666035278797205, 0.0872891329933307, 0.007521908471275559, 0.07719709397703305, 0.2269756387403446, 0.11725408891960386]
 Tipo: B
52 - Coordendas: [0.4745917435845421, 0.3175, 0.46293143476242066, 0.3766797882448758, 0.2720492482538179, 0.08297371518242447, 0.020219084712755596, 0.13616123740332786, 0.3630421865715983, 0.11448974890578212]
 Tipo: B
53 - Coordendas: [0.651080231260777, 0.31149999999999994, 0.6452561522984057, 0.5550427582462332, 0.3165620930507872, 0.18428795606120046, 0.05309152872444012, 0.17260370283571597, 0.3505644682115271, 0.10757889887122783]
 Tipo: B
54 - Coordendas: [0.4421340906785678, 0.527, 0.4440489088376412, 0.3434233745079408, 0.41387474843139577, 0.22739309533150256, 0.12495131450827654, 0.22252167799390674, 0.25371360665478315, 0.29831835982492516]
 Tipo: B
55 - Coordendas: [0.773810731311492, 0.24849999999999994, 0.7566940102151369, 0.7077507805076693, 0.2787972061086776, 0.07733424872499019, 0.03522395326192795, 0.21994375439418795, 0.3398692810457517, 0.004837595024188017]
 Tipo: B
56 - Coordendas: [0.2490110558880211, 0.38, 0.2481040086673889, 0.18338536717795575, 0.5714454836036463, 0.197038054138878, 0.06596884128529698, 0.1647527536911179, 0.26500297088532393, 0.3973738769868694]
 Tipo: B
57 - Coordendas: [0.33258951212090476, 0.29299999999999987, 0.34143321467265114, 0.24066784308402334, 0.42784420504321063, 0.30051000392310706, 0.1060856864654333, 0.28568080618701663, 0.3618538324420677, 0.34093526837134314]
 Tipo: B
58 - Coordendas: [0.4796632518511006, 0.3235, 0.4780993654233091, 0.3757296049952491, 0.5340357523381082, 0.20611023930953315, 0.09272151898734177, 0.3795406608858683, 0.27094474153297693, 0.19834139599170694]
 Tipo: B
59 - Coordendas: [0.6652804544071406, 0.18199999999999994, 0.6759015632255067, 0.5739106827745349, 0.5346276784657276, 0.3035994507650059, 0.16222005842259007, 0.5602296695570659, 0.4901960784313726, 0.12255240727942882]
 Tipo: B
60 - Coordendas: [0.39547621462622995, 0.24499999999999994, 0.4120105246865809, 0.292384959956563, 0.5690777790931691, 0.4291879168301294, 0.12451314508276534, 0.18408718068900864, 0.47593582887700525, 0.36926975351301544]
 Tipo: B
61 - Coordendas: [0.5719647023024647, 0.6624999999999999, 0.5813341587989473, 0.47902809827609605, 0.31253699538297625, 0.27417614750882696, 0.13237585199610516, 0.23857511131942816, 0.26975638740344626, 0.18083390923750292]
 Tipo: B
62 - Coordendas: [0.3315752104675931, 0.27299999999999996, 0.35180312645101364, 0.2452830188679245, 0.6330058008760507, 0.4497842291094547, 0.16372930866601754, 0.46461213967658777, 0.40582293523470003, 0.47108961068878125]
 Tipo: B
63 - Coordendas: [0.5871792271021401, 0.9355, 0.5813341587989473, 0.4946382516628206, 0.356694684503374, 0.11259317379364457, 0.04861246348588121, 0.1756503398172018, 0.2846108140225788, 0.09283575213084555]
 Tipo: B
64 - Coordendas: [0.2846130439192617, 0.461, 0.2835474384770159, 0.20496810099090537, 0.5892032674322245, 0.1649176147508827, 0.016623661148977606, 0.09300445277712678, 0.17231134878193707, 0.3814789219073947]
 Tipo: B
65 - Coordendas: [0.35084694188051524, 0.23700000000000002, 0.353350874477635, 0.25261300393647346, 0.6235349828341424, 0.2836406433895645, 0.016170886075949367, 0.14248886805718305, 0.43256090314913836, 0.2801197880672657]
 Tipo: B
66 - Coordendas: [0.6642661527538289, 0.010999999999999944, 0.6828664293453024, 0.5642731098140356, 0.9052918195809162, 0.41839937230286395, 0.16740506329113924, 0.768221232716194, 0.7979797979797981, 0.3241188666205943]
 Tipo: B
67 - Coordendas: [0.45430571051830826, 0.372, 0.46122891193313725, 0.3523822451472784, 0.42500295963063806, 0.28226755590427616, 0.08140214216163583, 0.17600187485352708, 0.20855614973262035, 0.2324349228288413]
 Tipo: B
68 - Coordendas: [0.4796632518511006, 0.29750000000000004, 0.4787184646339575, 0.38020904031491787, 0.6211672783236653, 0.20385445272655942, 0.08743914313534566, 0.30466369814858213, 0.16577540106951869, 0.16378714581893583]
 Tipo: B
69 - Coordendas: [0.5993508469418806, 0.24899999999999994, 0.623587679925708, 0.5064476720510385, 0.30247425121344856, 0.37475480580619847, 0.27142161635832524, 0.3972345910475744, 0.2210338680926916, 0.161483529140751]
 Tipo: B
70 - Coordendas: [0.6754234709402577, 0.28099999999999997, 0.6720321931589535, 0.5813764083073163, 0.2867290162187759, 0.2020890545311887, 0.045204479065238556, 0.20189828919615654, 0.17409387997623296, 0.16563003916148356]
 Tipo: B
71 - Coordendas: [0.3934476113196064, 0.538, 0.382603312180777, 0.29455680738428125, 0.25665916893571683, 0.11224990192232248, 0.0, 0.0, 0.3571004159239453, 0.16447823082239116]
 Tipo: B
72 - Coordendas: [0.6267369915812963, 0.49099999999999994, 0.6232781303203837, 0.5364463146463961, 0.24529418728542676, 0.16364260494311494, 0.043816942551119765, 0.14717600187485352, 0.387997623291741, 0.15065653075328272]
 Tipo: B
73 - Coordendas: [0.3579470534536971, 0.47350000000000003, 0.3846153846153846, 0.25885706529116326, 0.705220788445602, 0.5439387995292271, 0.15764362220058423, 0.35950316381532693, 0.5121806298276887, 0.5869615296014743]
 Tipo: B
74 - Coordendas: [0.5273354295567502, 0.48999999999999994, 0.5174121652994891, 0.4278539432604859, 0.3255593701906003, 0.10298156139662612, 0.05800876338851022, 0.20740567143191938, 0.40344622697563876, 0.10205021884358449]
 Tipo: B
75 - Coordendas: [0.6155796733948677, 0.39349999999999996, 0.6392199349945829, 0.5002036106963486, 0.6578666982360603, 0.54442918791683, 0.23376338851022396, 0.6565502695101946, 0.5793226381461675, 0.29186823312600785]
 Tipo: B
76 - Coordendas: [0.7545389998985699, 0.2909999999999999, 0.7794459062064695, 0.6755802904845934, 0.5313128921510596, 0.46351510396233814, 0.19491236611489776, 0.49484415280056243, 0.5062388591800357, 0.2713660446901635]
 Tipo: B
77 - Coordendas: [0.46039152043817827, 0.40149999999999997, 0.45735954186658406, 0.36039093253698923, 0.5044394459571446, 0.17335229501765398, 0.07390457643622202, 0.2669322709163347, 0.5109922756981581, 0.15503340244183367]
 Tipo: B
78 - Coordendas: [0.5151638097170099, 0.10099999999999998, 0.5115307227983283, 0.4141441563730148, 0.47922339292056354, 0.1619752844252648, 0.04800389483933788, 0.23002109210217953, 0.31491384432560904, 0.15503340244183367]
 Tipo: B
79 - Coordendas: [0.627751293234608, 0.3749999999999999, 0.6266831759789505, 0.5345459481471425, 0.26080265182905177, 0.19890153001176933, 0.11828140214216164, 0.33630185141785796, 0.23410576351752824, 0.07256392536281962]
 Tipo: B
80 - Coordendas: [0.5638502890759711, 0.3675, 0.551462621885157, 0.4729197773856386, 0.25725109506333604, 0.03491565319733228, 0.0029065238558909443, 0.06385048043121631, 0.2780748663101604, -0.011287721723105213]
 Tipo: B
81 - Coordendas: [0.6013794502485039, 0.28049999999999986, 0.5995975855130784, 0.5061761911225736, 0.3170356339528826, 0.16810513927030207, 0.0942794547224927, 0.2785329271150691, 0.4569221628045158, 0.09974660216539968]
 Tipo: B
82 - Coordendas: [0.36403286337356733, 0.38, 0.3564463705308774, 0.2679516763947332, 0.34083106428317755, 0.12377402903099255, 0.04851509250243428, 0.130185141785798, 0.7795603089720735, 0.12301313061506575]
 Tipo: B
83 - Coordendas: [0.3549041484937621, 0.213, 0.3668162823092399, 0.258042622505769, 0.5390079318101101, 0.4017261671243625, 0.15421129503407985, 0.2599015701898289, 0.5139631610219846, 0.38723796360285656]
 Tipo: B
84 - Coordendas: [0.3985191195861649, 0.08149999999999995, 0.3923541247484909, 0.29890050223971765, 0.3853439090801469, 0.13647508826990978, 0.030087633885102237, 0.16041715490977268, 0.23113487819370174, 0.18359824925132467]
 Tipo: B
85 - Coordendas: [0.6389086114210366, 0.15, 0.6500541711809317, 0.5406542690376, 0.3669941991239493, 0.3254707728520989, 0.12358812074001949, 0.3355987813452074, 0.3309566250742722, 0.08293020041465098]
 Tipo: B
86 - Coordendas: [0.49284917334415257, 0.41100000000000003, 0.4909456740442656, 0.38618162074114293, 0.42713389369006743, 0.24333071792859948, 0.06497078870496592, 0.16322943520037497, 0.2810457516339869, 0.18958765261460495]
 Tipo: B
87 - Coordendas: [0.3579470534536971, 0.6184999999999999, 0.3569106949388638, 0.25885706529116326, 0.5785485971350777, 0.23827971753628877, 0.060735150925024343, 0.21970939770330442, 0.3773024361259656, 0.30453812485602383]
 Tipo: B
88 - Coordendas: [0.5719647023024647, 0.3214999999999999, 0.5700355982046122, 0.4742771820279625, 0.3930389487391974, 0.17124362495096115, 0.07220058422590069, 0.2662292008436841, 0.43909685086155675, 0.13637410734853722]
 Tipo: B
89 - Coordendas: [0.624708388274673, 0.5009999999999999, 0.6529948924315121, 0.534002986290213, 0.4039303894873919, 0.43899568458218907, 0.26411879259980525, 0.4112959925005859, 0.29827688651218065, 0.18106427090532132]
 Tipo: B
90 - Coordendas: [0.5851506237955169, 0.29899999999999993, 0.5992880359077541, 0.47549884620605404, 0.7087723452113177, 0.4527265594350725, 0.09444985394352483, 0.3509491445980783, 0.6298276886512181, 0.31997235659986173]
 Tipo: B
91 - Coordendas: [0.7230956486459073, 0.10800000000000001, 0.7156786875096733, 0.6420523958191937, 0.4789866224695159, 0.16516280894468421, 0.0429649464459591, 0.32024841809233656, 0.18597742127153896, 0.10734853720340945]
 Tipo: B
92 - Coordendas: [0.4492342022517497, 0.20999999999999996, 0.46030026311716443, 0.3508891000407221, 0.44939031608855223, 0.3048744605727736, 0.15046251217137294, 0.27665807358800093, 0.06357694592988711, 0.22644551946556105]
 Tipo: B
93 - Coordendas: [0.6896236940866213, 0.25349999999999995, 0.6899860702677604, 0.600515813764083, 0.42074109151177935, 0.23440564927422522, 0.025681596884128532, 0.11644012186547925, 0.20499108734402863, 0.14144206404054363]
 Tipo: B
94 - Coordendas: [0.2936403286337356, 0.4339999999999999, 0.3120260021668472, 0.21012623863173613, 0.5667100745826922, 0.3804923499411534, 0.14980525803310613, 0.3549332083430982, 0.5258467023172906, 0.2506334945865008]
 Tipo: B
95 - Coordendas: [0.6815092808601277, 0.346, 0.6805448073053706, 0.5804262250576897, 0.5548715520303067, 0.29516477049823464, 0.11071080817916261, 0.3702835715959691, 0.3992869875222816, 0.19672886431697761]
 Tipo: B
96 - Coordendas: [0.47154883862460706, 0.9285, 0.4810400866738895, 0.3686711008551649, 0.48466911329466084, 0.32542173401333857, 0.17429406037000972, 0.2363487227560347, 0.43909685086155675, 0.21469707440681873]
 Tipo: B
97 - Coordendas: [0.7464245866720762, 0.1375, 0.7540628385698808, 0.6755802904845934, 0.549662602107257, 0.27883483719105534, 0.13933787731256086, 0.5393719240684322, 0.6030897207367795, 0.04929739691315371]
 Tipo: B
98 - Coordendas: [1.1024444669844813, 0.1255, 1.0959603776505182, 1.1518935794760419, 0.3048419557239257, 0.20983719105531584, 0.1082035053554041, 0.48957112725568314, 0.09506833036244801, 0.0020732550103662703]
 Tipo: B
99 - Coordendas: [0.4137336443858404, 0.20549999999999996, 0.4104627766599597, 0.31858286955341386, 0.29335858884811183, 0.13877991369164377, 0.06601752677702044, 0.084907429107101, 0.28223410576351754, 0.22575443446210555]
 Tipo: B
100 - Coordendas: [0.6064509585150625, 0.37849999999999995, 0.6251354279523293, 0.5181213519750237, 0.24718835089380853, 0.29232051785013735, 0.09875851996105162, 0.22064682446683853, 0.4836601307189543, 0.15319050909928594]
 Tipo: B
101 - Coordendas: [0.4117050410792169, 0.3054999999999999, 0.41990403962234946, 0.31179584634179447, 0.6519474369598675, 0.287661828167909, 0.07414800389483935, 0.29060229669557064, 0.3885918003565062, 0.2547800046072333]
 Tipo: B
102 - Coordendas: [0.7383101734455827, 0.37250000000000005, 0.7340968890264663, 0.66458531288177, 0.1554398011128211, 0.16094546881129856, 0.06024829600778968, 0.1610030466369815, 0.3416518122400476, 0.08108730707210325]
 Tipo: B
103 - Coordendas: [0.49386347499746425, 0.337, 0.491409998452252, 0.3925614225600651, 0.3680596661536641, 0.18163985876814437, 0.06543330087633885, 0.2671666276072182, 0.48425430778371953, 0.1108039622206865]
 Tipo: B
104 - Coordendas: [0.6378943097677249, 0.31499999999999995, 0.6308620956508278, 0.5468983303922899, 0.37670178761690537, 0.14986269125147117, 0.0865141187925998, 0.2877900164049684, 0.2590612002376709, 0.10135913384012901]
 Tipo: B
105 - Coordendas: [0.47864895019778875, 0.41949999999999993, 0.47268224733013453, 0.37355775756753085, 0.4203859358352077, 0.1625637504903884, 0.03853456669912366, 0.1345207405671432, 0.5204991087344029, 0.2059433310297167]
 Tipo: B
106 - Coordendas: [0.5770362105690232, 0.329, 0.5797864107723262, 0.4702049681009908, 0.5939386764531787, 0.28079639074146723, 0.07772638753651412, 0.24689477384579328, 0.3844325609031491, 0.17277125086385622]
 Tipo: B
107 - Coordendas: [0.42996247083882755, 1.1545, 0.41789196718774185, 0.3302565494773992, 0.297975612643542, 0.08022754021184779, 0.012091041869522883, 0.0753925474572299, 0.46642899584076053, 0.13683483068417415]
 Tipo: B
108 - Coordendas: [0.6449944213409068, 0.25699999999999995, 0.6608884073672804, 0.5110628478349396, 0.6531312892151061, 0.6577089054531189, 0.28456669912366117, 0.8187250996015937, 0.5240641711229947, 0.3842432619212163]
 Tipo: B
109 - Coordendas: [0.7535246982452581, 0.4505, 0.8085435691069492, 0.6888828559793674, 0.413637977980348, 0.7268536681051393, 0.3315481986368062, 0.7736114366065151, 0.3885918003565062, 0.45104814558857403]
 Tipo: B
110 - Coordendas: [0.630794198194543, 0.33549999999999996, 0.6243615539390185, 0.5403827881091353, 0.23108796022256428, 0.12681443703413103, 0.10555014605647518, 0.12948207171314743, 0.25371360665478315, 0.09237502879520847]
 Tipo: B
111 - Coordendas: [0.8508976569631808, 0.6020000000000001, 0.873084661817056, 0.7936744943667707, 0.46608263288741564, 0.413005100039231, 0.27312560856864654, 0.8768455589407077, 0.3903743315508021, 0.19880211932734404]
 Tipo: M
112 - Coordendas: [0.9421848057612333, 0.4995, 0.9767837796006809, 0.9097325912854622, 0.7608618444418137, 0.5517850137308747, 0.35978578383641674, 0.9946097961096789, 0.5276292335115864, 0.24026721953466962]
 Tipo: M
113 - Coordendas: [2.14311796328228, 0.3874999999999999, 2.2397461693236336, 3.1973666349938914, 0.728897833550373, 0.6483915260886622, 0.7792112950340798, 1.8689946097961097, 0.3493761140819965, 0.06703524533517628]
 Tipo: M
114 - Coordendas: [1.2292321736484433, 0.7785, 1.3203838415106017, 1.341794488937152, 0.8153190481827868, 0.7832483326794822, 0.47151898734177217, 1.7213498945394892, 0.3410576351752822, 0.45841971895876527]
 Tipo: M
115 - Coordendas: [1.338776752206106, 0.6624999999999999, 1.5463550533973065, 1.4951812135197502, 0.8993725583047235, 1.5987642212632405, 0.9138266796494645, 1.8795406608858682, 1.096850861556744, 0.6698917300161255]
 Tipo: M
116 - Coordendas: [1.1633025661831828, 0.5595, 1.182634267141309, 1.264422424324691, 0.4933112347579022, 0.381080816006277, 0.28067185978578385, 0.802320131239747, 0.3755199049316696, 0.11356830223450826]
 Tipo: M
117 - Coordendas: [1.7901409879298105, 0.544, 1.8837641232007427, 2.304194380344781, 0.5963063809636557, 0.9377206747744214, 0.562317429406037, 1.7236934614483244, 0.5531788472964944, 0.346694310066805]
 Tipo: M
118 - Coordendas: [1.1998174257024037, 0.46299999999999997, 1.1934685033276582, 1.3010723496674357, 0.433289925417308, 0.19350725774813654, 0.19522882181110027, 0.6846730724162176, 0.29114676173499704, -0.05482607694079705]
 Tipo: M
119 - Coordendas: [2.052845116137539, 0.5575, 2.140690295619873, 2.8593728790552464, 0.6720729252989227, 0.8435661043546488, 0.6988802336903603, 2.200609327396297, 0.43969102792632203, 0.12347385395070268]
 Tipo: M
120 - Coordendas: [1.2931331778070798, 0.45499999999999996, 1.345147809936542, 1.442242432469119, 0.6341896531312893, 0.8116908591604551, 0.5883641674780915, 1.1413170846027654, 0.399881164587047, 0.337019120018429]
 Tipo: M
121 - Coordendas: [0.7910538594177908, 0.661, 0.8297477170716606, 0.7123659562915704, 0.7644134012075292, 0.6302471557473519, 0.3084225900681597, 1.0580032809936724, 0.5306001188354129, 0.3271135683022346]
 Tipo: M
122 - Coordendas: [0.6926665990465565, 0.6515, 0.7393592323169786, 0.6166689290077371, 0.9431750917485497, 0.7719693997646137, 0.3792599805258033, 1.0752284977736113, 0.7076648841354723, 0.5038009675190048]
 Tipo: M
123 - Coordendas: [0.8600263718429862, 0.438, 0.896300882216375, 0.8217727704628749, 0.6697052207884457, 0.5047077285209887, 0.3568646543330088, 0.9476212795875322, 0.5175282234105764, 0.12946325731398295]
 Tipo: M
124 - Coordendas: [1.4980221117760422, 0.5134999999999998, 1.6020739823556724, 1.8291027555314239, 0.48987806321771044, 0.866614358571989, 0.5343232716650438, 1.2749003984063745, 0.39275103980986337, 0.22114720110573607]
 Tipo: M
125 - Coordendas: [1.0456435743990262, 0.5704999999999999, 1.092864881597276, 1.091760553821094, 0.4422872025571209, 0.5292271479011377, 0.23605160662122687, 0.87965783923131, 0.6226975638740344, 0.05298318359824933]
 Tipo: M
126 - Coordendas: [0.627751293234608, 0.39699999999999996, 0.6529948924315121, 0.5308809556128682, 0.7478394696341898, 0.5086308356218125, 0.2984420642648491, 0.8600890555425358, 0.6345811051693404, 0.3554480534439069]
 Tipo: M
127 - Coordendas: [0.651080231260777, 0.48999999999999994, 0.6941649899396377, 0.5608795982082259, 0.6862791523617854, 0.6253432718713221, 0.35175267770204477, 0.9575814389500821, 0.627450980392157, 0.48168624740843113]
 Tipo: M
128 - Coordendas: [1.0588294958920785, 0.7419999999999999, 1.0944126296238972, 1.0920320347495587, 0.5678939268379306, 0.46694782267555907, 0.4094449853943525, 0.7730255448793063, 0.14735591206179444, 0.14558857406127618]
 Tipo: M
129 - Coordendas: [1.1815599959427934, 0.7194999999999999, 1.2538306763658873, 1.2820686846749014, 0.6365573576417662, 0.8303256178893684, 0.564508276533593, 1.4576986172955237, 0.6672608437314319, 0.2218382861091914]
 Tipo: M
130 - Coordendas: [0.6551374378740237, 0.5429999999999999, 0.6560903884847546, 0.5694312474548663, 0.3431987687936545, 0.20071596704590036, 0.07570593962999025, 0.2379892195922194, 0.43018419489007725, 0.08131766873992179]
 Tipo: M
131 - Coordendas: [1.3854346282584442, 0.3315, 1.4086054790280143, 1.617347631328899, 0.49520539836628397, 0.43262063554335034, 0.37171372930866603, 1.0476915865947973, 0.30362448009506826, 0.056208246947708006]
 Tipo: M
132 - Coordendas: [1.0436149710924028, 0.7350000000000001, 1.0619099210648506, 1.0659698656169403, 0.36320587190718595, 0.4488034523342487, 0.29308666017526774, 0.6721349894539489, 0.24183006535947713, 0.03985256853259623]
 Tipo: M
133 - Coordendas: [1.4310782026574704, 0.7925, 1.530877573131094, 1.584769919913126, 0.7277139812951343, 1.293742644174186, 0.6054040895813048, 1.7529880478087652, 0.7932263814616756, 0.49850264915918]
 Tipo: M
134 - Coordendas: [0.8417689420833755, 0.5845, 0.8532734870763038, 0.7697841726618705, 0.4491535456375044, 0.42085131424087885, 0.13084225900681598, 0.38235294117647056, 0.3963161021984551, 0.24948168624740855]
 Tipo: M
135 - Coordendas: [1.901714169794097, 0.337, 2.0184182015167926, 2.5335957648975156, 0.7371847993370428, 1.0637504903883876, 0.8198636806231743, 2.241621748300914, 0.5323826500297089, 0.20433079935498738]
 Tipo: M
136 - Coordendas: [0.8235115123237651, 0.565, 0.8275808698343908, 0.772770462874983, 0.4490351604119806, 0.2522067477442134, 0.12787244401168452, 0.39067260370283574, 0.3303624480095068, 0.10366275051831383]
 Tipo: M
137 - Coordendas: [1.3367481488994828, 0.44699999999999995, 1.3513388020430273, 1.5345459481471426, 0.3263880667692671, 0.3249313456257355, 0.2811587147030185, 0.9053198968830559, 0.5157456922162804, -0.03178991015894953]
 Tipo: M
138 - Coordendas: [1.077086925651689, 0.6304999999999998, 1.1640612908218542, 1.1361476856250847, 0.4766189179590387, 0.8877010592389172, 0.5199610516066212, 1.1741270213264587, 0.37789661319073087, 0.4918221607924443]
 Tipo: M
139 - Coordendas: [1.5507657977482503, 0.44750000000000006, 1.687200123819842, 1.8535360390932536, 0.9467266485142654, 1.262357787367595, 1.0379746835443038, 2.1361612374033276, 0.888888888888889, 0.4158028104123473]
 Tipo: M
140 - Coordendas: [0.7393244750988944, 0.5915, 0.7735644637053085, 0.6601058775621012, 0.6057771990055641, 0.4708709297763829, 0.3561343719571568, 0.7193578626669791, 0.5145573380867499, 0.1723105275282193]
 Tipo: M
141 - Coordendas: [1.65219596307942, 0.566, 1.676365887633493, 2.0937966607845797, 0.3759914762637624, 0.4664574342879561, 0.32229795520934756, 1.1368643074759783, 0.4402852049910874, 0.07348537203409364]
 Tipo: M
142 - Coordendas: [1.3337052439395476, 0.8765000000000001, 1.3528865500696483, 1.516899687796932, 0.5347460636912513, 0.41202432326402516, 0.3505355404089581, 1.1472931802202953, 0.4111705288175876, 0.06887813867772401]
 Tipo: M
143 - Coordendas: [1.2363322852216252, 0.704, 1.3714595263891038, 1.3295778471562372, 0.5300106546702972, 1.1103373872106708, 0.5026777020447907, 1.3100539020389033, 0.7944147355912061, 0.5911080396222068]
 Tipo: M
144 - Coordendas: [0.8184400040572067, 0.4175, 0.8275808698343908, 0.7579747522736527, 0.46785841127027344, 0.3265496273048255, 0.18222979552093474, 0.5079681274900398, 0.29768270944741526, 0.15687629578438156]
 Tipo: M
145 - Coordendas: [1.338776752206106, 0.44099999999999995, 1.3931279987618015, 1.5019682367313696, 0.718243163253226, 0.6351510396233817, 0.5192307692307692, 1.4752753691117884, 0.39453357100415926, 0.18866620594333108]
 Tipo: M
146 - Coordendas: [1.1835885992494166, 0.34400000000000003, 1.2368054480730535, 1.265779828967015, 0.6779921865751154, 0.7317575519811691, 0.4805258033106134, 1.1823295055073824, 0.5032679738562092, 0.18774475927205722]
 Tipo: M
147 - Coordendas: [1.2008317273557156, 0.5624999999999999, 1.2368054480730535, 1.3119315868060268, 0.5821001539007933, 0.5861122008630836, 0.38802336903602724, 1.0246074525427702, 0.5246583481877599, 0.20686477770099057]
 Tipo: M
148 - Coordendas: [1.3499340703925347, 0.18099999999999997, 1.4132487231078779, 1.5657662549205917, 0.564342370072215, 0.5561985092193017, 0.4819863680623174, 1.2221701429575815, 0.44503862150920975, 0.14950472241419033]
 Tipo: M
149 - Coordendas: [0.8600263718429862, 0.6615, 0.9288035907754215, 0.7978824487579746, 0.7774357760151535, 0.8219890153001177, 0.49415774099318405, 0.9983595031638153, 0.44385026737967914, 0.4259387237963604]
 Tipo: M
150 - Coordendas: [1.3408053555127295, 0.8055, 1.39158025073518, 1.4802497624541875, 0.5495442168817332, 0.7234209493919184, 0.3994644595910419, 1.482306069838294, 0.48425430778371953, 0.18106427090532132]
 Tipo: M
151 - Coordendas: [0.9939141900801299, 0.404, 1.013929732239591, 1.0082801683181755, 0.42642358233692446, 0.3552373479795999, 0.20501460564751706, 0.7705647996250293, 0.4949494949494949, 0.06910850034554256]
 Tipo: M
152 - Coordendas: [0.9259559793082462, 0.3665, 0.948924315121498, 0.9087824080358354, 0.527761335385344, 0.46253432718713217, 0.22996592015579356, 0.6963909069603937, 0.47593582887700525, 0.23358673116793371]
 Tipo: M
153 - Coordendas: [1.0355005578659096, 0.5675, 1.0495279368518804, 1.0652911632957784, 0.5283532615129632, 0.3460670851314241, 0.22056962025316454, 0.7648230606983829, 0.4795008912655972, 0.07970513706519246]
 Tipo: M
154 - Coordendas: [1.3519626736991581, 0.8169999999999998, 1.37919826652221, 1.5535496131396769, 0.5607908133064995, 0.4385052961945861, 0.3697663096397274, 1.093625498007968, 0.4480095068330363, 0.07786224372264457]
 Tipo: M
155 - Coordendas: [1.149102343036819, 0.3929999999999999, 1.1578702987153688, 1.2182706664856793, 0.3936308748668166, 0.32022361710474695, 0.19885589094449854, 0.6812749003984063, 0.3333333333333333, 0.04399907855332877]
 Tipo: M
156 - Coordendas: [0.8995841363221422, 0.6615, 0.9272558427488004, 0.867653047373422, 0.3714928376938558, 0.3963318948607297, 0.24191820837390457, 0.6285446449496134, 0.4676173499702912, 0.02395761345312138]
 Tipo: M
157 - Coordendas: [1.2373465868749365, 0.5884999999999999, 1.2956198730846618, 1.3635129632143341, 0.3859358352077661, 0.6052373479795998, 0.2711781888997079, 0.7935317553316148, 0.42008318478906714, 0.06795669200645015]
 Tipo: M
158 - Coordendas: [1.3722487067653921, 0.8544999999999998, 1.4024144869215291, 1.595629157051717, 0.46122883864093767, 0.4316398587681443, 0.378286270691334, 0.9772674009842981, 0.23054070112893651, 0.08246947707901404]
 Tipo: M
159 - Coordendas: [1.7515975251039657, 0.4739999999999999, 1.8945983593870914, 2.1956020089588706, 1.0899727713981295, 1.3109062377402905, 1.038948393378773, 2.3576283102882587, 0.9477124183006538, 0.3784842202257544]
 Tipo: M
160 - Coordendas: [1.5243939547621463, 0.5589999999999999, 1.600526234329051, 1.816886113750509, 0.6353735053865278, 0.8631816398587681, 0.5959104186952288, 1.7588469650808531, 0.4539512774806893, 0.20870767104353846]
 Tipo: M
161 - Coordendas: [1.2880616695405214, 0.5479999999999999, 1.3327658257235722, 1.4259535767612324, 0.5367586125251569, 0.5615927814829345, 0.4535053554040896, 1.2924771502226389, 0.6072489601901366, 0.1108039622206865]
 Tipo: M
162 - Coordendas: [1.2190891571153262, 0.4095, 1.2321622039931899, 1.3499389167910953, 0.34970995619746664, 0.2986465280502158, 0.22568159688412853, 0.6593625498007968, 0.5264408793820559, -0.04376871688551022]
 Tipo: M
163 - Coordendas: [1.47875038036312, 0.5835, 1.5200433369447452, 1.8128138998235372, 0.6910145613827395, 0.4733228717143978, 0.5937195715676729, 1.6276072181860792, 0.39572192513368987, 0.08961068878138688]
 Tipo: M
164 - Coordendas: [0.8194543057105184, 0.4554999999999999, 0.8746324098436772, 0.7629971494502511, 0.6069610512608028, 0.6665358964299725, 0.4138266796494645, 1.0329271150691353, 0.47237076648841353, 0.24187975120939864]
 Tipo: M
165 - Coordendas: [0.8671264834161679, 1.1420000000000001, 0.9272558427488004, 0.8163431518935794, 0.6353735053865278, 0.7087092977638288, 0.4262414800389484, 0.984180923365362, 0.6125965537730244, 0.32619212163096073]
 Tipo: M
166 - Coordendas: [0.9411705041079219, 0.5579999999999999, 0.9860702677604084, 0.9275145920999048, 0.7561264354208597, 0.5341310317771675, 0.43792599805258037, 0.9352003749707055, 0.4806892453951278, 0.29900944482838065]
 Tipo: M
167 - Coordendas: [1.046657876052338, 0.3179999999999999, 1.071196409224578, 1.065155422831546, 0.5702616313484078, 0.4154570419772459, 0.3081791626095423, 0.9787907194750409, 0.44741532976827086, 0.08730707210320206]
 Tipo: M
168 - Coordendas: [1.6461101531595497, 0.8125, 1.6980343600061907, 2.072078186507398, 0.5026636675742867, 0.729795998430757, 0.4746835443037975, 1.4494961331146006, 0.5044563279857397, 0.24763879290486052]
 Tipo: M
169 - Coordendas: [0.6845521858200629, 0.5944999999999999, 0.7709332920600523, 0.5901995384824215, 0.715875458742749, 1.0294233032561788, 0.5180136319376826, 0.940356222170143, 0.5995246583481878, 0.5639253628196268]
 Tipo: M
