0 - Coordendas: [0.5914952259080616, 0.3290456431535269, 0.5974805038992202, 0.4876475599367166, 0.5548715520303067, 0.28084659261483036, 0.11071080817916261, 0.3702835715959691, 0.4516129032258063, 0.20569476082004548]
 Tipo: B
1 - Coordendas: [0.31390884929619056, 0.24522821576763476, 0.3372825434913017, 0.22940245831812092, 0.5690777790931691, 0.4175923146202341, 0.12451314508276534, 0.18408718068900864, 0.538306451612903, 0.37630979498861045]
 Tipo: B
2 - Coordendas: [0.6151195983856677, 0.14356846473029042, 0.6357228554289143, 0.5157600097359134, 0.8543861726056587, 0.37080956669668763, 0.24586173320350538, 0.775134755097258, 0.6155913978494622, 0.28974943052391805]
 Tipo: B
3 - Coordendas: [0.5334186435672801, 0.5323651452282157, 0.586382723455309, 0.43689911159790673, 0.5631585178169765, 0.6247373161212848, 0.21190360272638753, 0.5978439184438716, 0.5309139784946235, 0.4840546697038724]
 Tipo: B
4 - Coordendas: [0.15523181415493656, 0.1311203319502074, 0.20350929814037194, 0.09529025191675791, 1.3113531431277377, 1.0030021014710298, 0.23685491723466406, 0.6154206702601359, 0.8857526881720429, 0.9833712984054668]
 Tipo: B
5 - Coordendas: [0.5225908061817107, 0.6398340248962654, 0.520245950809838, 0.42570281124498, 0.36770451047709246, 0.13654558190733512, 0.029357351509250243, 0.2064682446683853, 0.4079301075268815, 0.060136674259681014]
 Tipo: B
6 - Coordendas: [0.2833940348459494, 0.43609958506224056, 0.33338332333533305, 0.20433248144091518, 0.4510477092458862, 0.7132993095166618, 0.555014605647517, 0.6961565502695102, 0.758064516129032, 0.74373576309795]
 Tipo: B
7 - Coordendas: [0.7165075302687272, 0.4170124481327801, 0.7135572885422916, 0.6325909699403676, 0.37386054220433285, 0.15050535374762333, 0.04739532619279455, 0.22720881181157723, 0.305779569892473, 0.018451025056947568]
 Tipo: B
8 - Coordendas: [0.4280933162712864, 0.7647302904564315, 0.43386322735452904, 0.34014847267859316, 0.4130460518527288, 0.1829280496347443, 0.05761927945472249, 0.2785329271150691, 0.5336021505376344, 0.1168564920273349]
 Tipo: B
9 - Coordendas: [0.2558322669554089, 0.7427385892116182, 0.26619676064787046, 0.183765364488256, 0.44595714454836044, 0.2658861202841989, 0.1460321324245375, 0.32083430981954536, 0.3581989247311827, 0.21457858769931656]
 Tipo: B
10 - Coordendas: [0.4418742002165566, 0.3373443983402489, 0.44796040791841646, 0.34160885968114885, 0.6140641647922339, 0.23581507054938453, 0.06061343719571567, 0.3446215139442231, 0.5645161290322579, 0.3302961275626425]
 Tipo: B
11 - Coordendas: [0.3906880598484102, 0.30539419087136926, 0.3866226754649071, 0.30497748570037725, 0.2720492482538179, 0.06434504152907035, 0.020219084712755596, 0.13616123740332786, 0.4106182795698924, 0.12437357630979498]
 Tipo: B
12 - Coordendas: [0.502903829117039, 0.32157676348547715, 0.5268446310737852, 0.4112206401363027, 0.3292293121818397, 0.32777944561192834, 0.17989289191820837, 0.4784391844387157, 0.34543010752688175, 0.12870159453302965]
 Tipo: B
13 - Coordendas: [0.35131410571906674, 0.42531120331950206, 0.3869226154769046, 0.2722404770597542, 0.3263880667692671, 0.47363154207945557, 0.22575462512171374, 0.6547925943285681, 1.0315860215053763, 0.23872437357630985]
 Tipo: B
14 - Coordendas: [0.4290776651245201, 0.5398340248962654, 0.4623575284943012, 0.3375927954241207, 0.19794009707588486, 0.4195937156009206, 0.19335443037974684, 0.34895711272556834, 0.09610215053763443, 0.335763097949886]
 Tipo: B
15 - Coordendas: [0.6092135052662663, 0.26763485477178417, 0.6066286742651471, 0.5186807837410248, 0.20871315259855572, 0.12443710597418192, 0.0497809152872444, 0.09968361846730725, 0.3676075268817204, 0.06583143507972658]
 Tipo: B
16 - Coordendas: [0.4113593857663154, 0.49087136929460573, 0.43356328734253147, 0.3183643665571377, 0.15982005445720365, 0.415090563394376, 0.21365628042843232, 0.279587532224045, 0.1942204301075268, 0.3250569476082004]
 Tipo: B
17 - Coordendas: [0.6672900876070479, 0.63402489626556, 0.7182063587282544, 0.5914567360350492, 0.4231087960222565, 0.49814870409286494, 0.24561830574488802, 0.45582376376845557, 0.5456989247311826, 0.26332574031890643]
 Tipo: B
18 - Coordendas: [0.457623781868294, 0.2174273858921161, 0.45545890821835644, 0.363514664719484, 0.4047590860660589, 0.1114279995997198, 0.051338851022395326, 0.2406843215373799, 0.3434139784946235, 0.11913439635535304]
 Tipo: B
19 - Coordendas: [0.3572201988384683, 0.7207468879668049, 0.35752849430113987, 0.2741876597298284, 0.1917840653486445, 0.07350145101571098, 0.03975170399221032, 0.03661823295055074, 0.5436827956989246, 0.1009111617312072]
 Tipo: B
20 - Coordendas: [0.5393247366866817, 0.35311203319502066, 0.5452909418116377, 0.44651332603139826, 0.26080265182905177, 0.18262783948764136, 0.11828140214216164, 0.33630185141785796, 0.26478494623655907, 0.08291571753986327]
 Tipo: B
21 - Coordendas: [0.49010729402500236, 0.3149377593360996, 0.49985002999400124, 0.388828039430449, 0.5939386764531787, 0.2661863304313019, 0.07772638753651412, 0.24689477384579328, 0.4348118279569891, 0.18200455580865596]
 Tipo: B
22 - Coordendas: [0.5304655970075793, 0.24896265560165973, 0.5655368926214757, 0.4254594134112206, 0.6495797324493904, 0.5181627138997298, 0.11119766309639727, 0.36442465432388094, 0.6095430107526881, 0.37038724373576315]
 Tipo: B
23 - Coordendas: [0.4133280834727827, 0.47551867219917016, 0.4269646070785843, 0.3205549470609711, 0.5339173671125843, 0.2890023016111277, 0.06219571567672833, 0.2553316147176002, 0.6444892473118278, 0.2517084282460136]
 Tipo: B
24 - Coordendas: [0.5117629687961412, 0.14149377593360987, 0.5094481103779245, 0.4204697578191554, 0.20030780158636202, 0.06929850895626938, 0.055014605647517034, 0.13721584251230373, 0.18615591397849468, 0.0902050113895216]
 Tipo: B
25 - Coordendas: [0.5422777832463823, 0.3203319502074688, 0.5430413917216557, 0.45174637945722285, 0.23108796022256428, 0.1090763534474132, 0.10555014605647518, 0.12948207171314743, 0.28696236559139776, 0.10250569476081997]
 Tipo: B
26 - Coordendas: [0.5176690619155427, 0.2618257261410788, 0.5281943611277745, 0.4177923816478034, 0.5667100745826922, 0.2801461022715901, 0.14982960077896787, 0.39489102413873917, 0.4502688172043009, 0.2927107061503415]
 Tipo: B
27 - Coordendas: [0.43399940939068793, 0.33236514522821564, 0.45215956808638263, 0.3356456127540464, 0.5951225287084173, 0.37095967177023914, 0.11643135345666991, 0.3897351769393016, 0.5893817204301075, 0.22232346241457854]
 Tipo: B
28 - Coordendas: [0.37887587360960706, 0.19626556016597504, 0.40086982603479315, 0.2829499817451624, 0.5588966496981177, 0.44311017712398676, 0.16399707887049658, 0.3039606280759316, 0.5094086021505374, 0.36378132118451034]
 Tipo: B
29 - Coordendas: [0.3522984545723003, 0.13485477178423236, 0.37852429514097174, 0.2627479615431423, 0.8413637977980348, 0.4386070249174422, 0.19230769230769232, 0.6503398172017811, 0.6438172043010751, 0.39384965831435065]
 Tipo: B
30 - Coordendas: [0.5806673885224922, 0.5033195020746887, 0.5884823035392921, 0.47535596933187296, 0.31881141233574056, 0.2959571700190133, 0.09912366114897761, 0.250996015936255, 0.38642473118279563, 0.1535307517084283]
 Tipo: B
31 - Coordendas: [0.3680480362240377, 0.31535269709543556, 0.3860227954409118, 0.2769867348180601, 0.6697052207884457, 0.3573501451015711, 0.04944011684518014, 0.21806890086711977, 0.3931451612903225, 0.31366742596810926]
 Tipo: B
32 - Coordendas: [0.3316271286543951, 0.21784232365145226, 0.3534793041391721, 0.24765729585006688, 0.5998579377293715, 0.337886520564395, 0.1313777994157741, 0.3914928521209281, 0.48118279569892464, 0.39225512528473816]
 Tipo: B
33 - Coordendas: [0.6791022738458508, 0.5381742738589211, 0.7269046190761849, 0.5923086284532068, 0.38001657393157334, 0.5481837286100271, 0.25048685491723466, 0.43777829857042416, 0.26478494623655907, 0.21913439635535298]
 Tipo: B
34 - Coordendas: [0.62397873806477, 0.47883817427385883, 0.6279244151169767, 0.5269563100888401, 0.4506925535693146, 0.23021114780346238, 0.03558909444985394, 0.22217014295758145, 0.30712365591397844, 0.14806378132118447]
 Tipo: B
35 - Coordendas: [0.4271089674180528, 0.3410788381742738, 0.42246550689862034, 0.3354022149202872, 0.28649224576772814, 0.07745421795256681, 0.0037633885102239533, 0.06552613077103352, 0.21639784946236548, 0.20159453302961267]
 Tipo: B
36 - Coordendas: [0.17176887488926074, 0.3572614107883817, 0.17846430713857228, 0.13167822806377025, 0.5714454836036463, 0.18072650855598918, 0.06596884128529698, 0.1647527536911179, 0.29973118279569894, 0.40410022779043275]
 Tipo: B
37 - Coordendas: [0.33851757062703025, 0.5282157676348548, 0.3534793041391721, 0.2531337471096507, 0.5094116254291464, 0.29270489342539774, 0.11742940603700097, 0.26447152566205767, 0.6518817204301075, 0.311389521640091]
 Tipo: B
38 - Coordendas: [0.18850280539423167, 0.29585062240663895, 0.20575884823035392, 0.13399050748448338, 0.38096365573576413, 0.34444110877614326, 0.20501460564751706, 0.2685727677525193, 0.6559139784946235, 0.44191343963553514]
 Tipo: B
39 - Coordendas: [0.3877350132887095, 0.8124481327800829, 0.40416916616676674, 0.2977972496044785, 0.48466911329466084, 0.3117182027419193, 0.17429406037000972, 0.2363487227560347, 0.49663978494623645, 0.22346241457858768]
 Tipo: B
40 - Coordendas: [0.4989664337041046, 0.37883817427385885, 0.509148170365927, 0.396981866861385, 0.5224340002367704, 0.2805964174922445, 0.06543330087633885, 0.20869463323177875, 0.46975806451612895, 0.22733485193621875]
 Tipo: B
41 - Coordendas: [0.40053154838074606, 0.4933609958506224, 0.40191961607678467, 0.3133747109650724, 0.39943175091748556, 0.1311918342839988, 0.04033592989289192, 0.13065385516756503, 0.29233870967741926, 0.16013667425968112]
 Tipo: B
42 - Coordendas: [0.39954719952751244, 0.43443983402489617, 0.42261547690461904, 0.30351709869782156, 0.66615366402273, 0.4536175322725907, 0.16657740993184034, 0.43801265526130767, 0.6270161290322579, 0.2888382687927108]
 Tipo: B
43 - Coordendas: [0.20316960330741218, 0.7672199170124481, 0.20635872825434912, 0.14664719483996588, 0.32212619865040837, 0.11417992594816373, 0.037512171372930864, 0.12221701429575814, 0.37701612903225795, 0.17471526195899778]
 Tipo: B
44 - Coordendas: [0.43104636283098724, 0.15477178423236507, 0.44856028794241154, 0.33442862358525, 0.679176038830354, 0.3334834384068848, 0.09203992210321325, 0.3278650105460511, 0.40120967741935465, 0.32414578587699316]
 Tipo: B
45 - Coordendas: [0.5727925976966235, 0.3809128630705394, 0.6025794841031793, 0.47182670074236344, 0.6306380963655736, 0.45661963374362047, 0.2088607594936709, 0.6305366768221232, 0.5013440860215054, 0.20364464692482906]
 Tipo: B
46 - Coordendas: [0.7145388325622598, 0.37593360995850617, 0.7486502699460109, 0.63173907752221, 0.340357523381082, 0.4666266386470529, 0.2203018500486855, 0.4173892664635575, 0.4596774193548386, 0.2979498861047836]
 Tipo: B
47 - Coordendas: [0.7381632050398659, 0.14522821576763484, 0.7458008398320337, 0.6588779359863697, 0.3196401089144076, 0.2296607625337736, 0.08259493670886077, 0.3113428638387626, 0.44422043010752676, 0.08177676537585428]
 Tipo: B
48 - Coordendas: [0.21508022443153846, 0.3136929460580912, 0.2249550089982004, 0.15212364609954968, 0.66615366402273, 0.24457119983988787, 0.0427458617332035, 0.22873213030232012, 0.5873655913978493, 0.25056947608200464]
 Tipo: B
49 - Coordendas: [0.23023919677133567, 0.4800829875518672, 0.22900419916016793, 0.16660581720822684, 0.33787143364508115, 0.07845491844291005, 0.006012658227848101, 0.06045230841340521, 0.3830645161290322, 0.28564920273348526]
 Tipo: B
50 - Coordendas: [0.2518948715424746, 0.26846473029045637, 0.2789442111577684, 0.18717293416088593, 0.6330058008760507, 0.4386070249174422, 0.16372930866601754, 0.46461213967658777, 0.459005376344086, 0.47699316628701577]
 Tipo: B
51 - Coordendas: [0.14588050004921743, 0.17219917012448127, 0.1691661667666467, 0.11013751977607396, 0.29099088433763465, 0.320574402081457, 0.14576436222005842, 0.25544879306304197, 0.8608870967741933, 0.40501138952164]
 Tipo: B
52 - Coordendas: [0.38478196672900866, 0.3589211618257261, 0.38932213557288536, 0.29487647559936714, 0.3841600568249083, 0.17567297107975582, 0.08196202531645569, 0.20822591985001174, 0.3064516129032258, 0.1535307517084283]
 Tipo: B
53 - Coordendas: [0.20188994979820854, 0.3904564315352697, 0.21010797840431913, 0.14518680783741023, 0.6495797324493904, 0.2996597618332833, 0.021747809152872444, 0.23048980548394657, 0.9932795698924731, 0.42004555808656047]
 Tipo: B
54 - Coordendas: [0.3404862683334974, 0.1398340248962655, 0.3441811637672466, 0.25739320920043807, 0.5316680478276311, 0.1385469828880216, 0.04824732229795521, 0.20928052495898758, 0.5174731182795698, 0.20956719817767652]
 Tipo: B
55 - Coordendas: [0.39265675755487733, 0.2680497925311204, 0.4134673065386922, 0.30436899111597904, 0.7123239019770333, 0.346192334634244, 0.10416260954235639, 0.36700257792359975, 0.5329301075268815, 0.27699316628701587]
 Tipo: B
56 - Coordendas: [0.1846638448666207, 0.2572614107883817, 0.1843131373725255, 0.13289521723256664, 0.37895110690185874, 0.08721104773341337, 0.040214216163583255, 0.19533630185141787, 0.3299731182795697, 0.27744874715261963]
 Tipo: B
57 - Coordendas: [0.16792991436164978, 0.4966804979253111, 0.17741451709658068, 0.11975173420956553, 0.32035042026755056, 0.18557990593415388, 0.09092015579357351, 0.060089055542535734, 0.14381720430107534, 0.3505694760820044]
 Tipo: B
58 - Coordendas: [0.3060340584703219, 0.5091286307053942, 0.3129874025194962, 0.23061944748691732, 0.4188469279033977, 0.1700690483338337, 0.0879746835443038, 0.16451839700023435, 0.6424731182795698, 0.1804100227790432]
 Tipo: B
59 - Coordendas: [0.3316271286543951, 0.30746887966804975, 0.34988002399520096, 0.23865157600097356, 0.7904581508227774, 0.4185930151105774, 0.09890457643622201, 0.5001171783454418, 0.600806451612903, 0.6357630979498861]
 Tipo: B
60 - Coordendas: [0.16871739344423656, 0.4975103734439833, 0.1751649670065987, 0.12267250821467686, 0.6128803125369955, 0.1908836185329731, 0.049829600778967864, 0.14729318022029528, 0.648521505376344, 0.3225512528473804]
 Tipo: B
61 - Coordendas: [0.08928044098828632, 0.4676348547717842, 0.10107978404319129, 0.06255324327613485, 0.848466911329466, 0.33118182727909534, 0.0730282375851996, 0.10849543004452777, 0.5161290322580643, 0.3580865603644648]
 Tipo: B
62 - Coordendas: [0.04970961708829607, 0.29585062240663895, 0.056838632273545284, 0.038335158817086525, 0.3950514975731028, 0.18007605323726605, 0.038656280428432326, 0.06933442699789079, 0.4764784946236558, 0.3002277904328019]
 Tipo: B
63 - Coordendas: [0.5088099222364404, 0.3439834024896265, 0.5289442111577685, 0.4087866617987099, 0.5529773884219249, 0.3603522465726008, 0.09466893865628043, 0.27126786969767985, 0.44220430107526876, 0.18496583143507977]
 Tipo: B
64 - Coordendas: [0.3660793385175706, 0.04605809128630703, 0.3812237552489503, 0.28343677741268103, 0.48656327690304246, 0.21720204142900032, 0.085491723466407, 0.30735880009374267, 0.4079301075268815, 0.21138952164009103]
 Tipo: B
65 - Coordendas: [0.5688552022836892, 0.1804979253112033, 0.5908818236352729, 0.45746622855056585, 0.6448443234284362, 0.4606224357049935, 0.14084712755598833, 0.6170611670963206, 0.4831989247311827, 0.33120728929384974]
 Tipo: B
66 - Coordendas: [0.20188994979820854, 0.2473029045643153, 0.20365926814637073, 0.1454302056711695, 0.44678584112702746, 0.11733213249274492, 0.026850048685491724, 0.16486993203655964, 0.6861559139784945, 0.2567198177676536]
 Tipo: B
67 - Coordendas: [0.37690717590313993, 0.37510373443983397, 0.3812237552489503, 0.29037361567482045, 0.5044394459571446, 0.15655959171419992, 0.07390457643622202, 0.2669322709163347, 0.5779569892473118, 0.16446469248291565]
 Tipo: B
68 - Coordendas: [0.09124913869475344, 0.08630705394190864, 0.0962807438512298, 0.06583911403188511, 0.5314312773765834, 0.14650255178625038, 0.050170399221032135, 0.09138739161003047, 0.41868279569892464, 0.45603644646924835]
 Tipo: B
69 - Coordendas: [0.550152574072251, 0.16639004149377593, 0.5679364127174567, 0.45198977729098205, 0.3669941991239493, 0.31176823776643653, 0.12358812074001949, 0.3355987813452074, 0.3743279569892473, 0.09316628701594525]
 Tipo: B
70 - Coordendas: [0.39462545526134446, 0.3900414937759335, 0.39607078584283145, 0.3021784106121455, 0.4203859358352077, 0.1455518863204243, 0.03853456669912366, 0.1345207405671432, 0.5887096774193546, 0.21480637813211848]
 Tipo: B
71 - Coordendas: [0.40545329264691404, 0.31867219917012446, 0.4101679664067186, 0.3145917001338688, 0.5690777790931691, 0.16101270889622735, 0.05727848101265823, 0.18197797047105696, 0.44220430107526876, 0.1355353075170842]
 Tipo: B
72 - Coordendas: [0.49502903829117034, 0.33029045643153526, 0.49580083983203366, 0.402701715954728, 0.3117082988043092, 0.10897628339837888, 0.03412852969814995, 0.21502226388563395, 0.2681451612903225, 0.08177676537585428]
 Tipo: B
73 - Coordendas: [0.41824982773895053, 0.45850622406639, 0.4491601679664068, 0.3293172690763052, 0.3956434237007222, 0.3885720004002801, 0.16002921129503409, 0.4442231075697211, 0.35483870967741926, 0.36013667425968104]
 Tipo: B
74 - Coordendas: [0.3985628506742789, 0.20663900414937753, 0.4257648470305939, 0.31106243154435925, 0.3357404995856518, 0.36610627439207444, 0.16372930866601754, 0.3092336536208109, 0.29502688172043007, 0.35831435079726653]
 Tipo: B
75 - Coordendas: [0.21222561275716106, 0.24771784232365138, 0.22615476904619075, 0.14944626992819762, 0.5006511187403813, 0.3039627739417592, 0.056718597857838365, 0.2831028825872979, 0.21975806451612892, 0.38861047835990886]
 Tipo: B
76 - Coordendas: [0.3335958263608622, 0.20746887966804978, 0.33428314337132564, 0.24619690884751122, 0.5678939268379306, 0.1700690483338337, 0.057521908471275564, 0.30267166627607217, 0.3400537634408601, 0.3380410022779043]
 Tipo: B
77 - Coordendas: [0.40840633920661473, 0.3829875518672199, 0.41376724655068997, 0.31349640988195204, 0.42713389369006743, 0.22795957170019013, 0.06497078870496592, 0.16322943520037497, 0.3178763440860214, 0.19863325740318902]
 Tipo: B
78 - Coordendas: [0.23516094103750365, 0.2240663900414937, 0.23755248950209956, 0.17901910672995008, 0.47401444299751394, 0.11763234263984788, 0.0038875365141187923, 0.02816967424419967, 0.43212365591397844, 0.19658314350797262]
 Tipo: B
79 - Coordendas: [0.11684220887882665, 0.2398340248962655, 0.13227354529094182, 0.08591943531702567, 0.35870723333727955, 0.2678875212648854, 0.11492210321324246, 0.2790016404968362, 0.5846774193548386, 0.32710706150341695]
 Tipo: B
80 - Coordendas: [0.4448272467762575, 0.18174273858921156, 0.4628074385122976, 0.3548740416210296, 0.3368059666153664, 0.2741418993295306, 0.1664800389483934, 0.29692992734942586, 0.39381720430107514, 0.22072892938496577]
 Tipo: B
81 - Coordendas: [0.6269317846244709, 0.30995850622406634, 0.6273245350929815, 0.5338931483509797, 0.32934769740736347, 0.15095566896827778, 0.06526290165530672, 0.3809468010311694, 0.3904569892473117, 0.13189066059225504]
 Tipo: B
82 - Coordendas: [0.4989664337041046, 0.15186721991701238, 0.5154469106178765, 0.40610928562735793, 0.41801823132473076, 0.2803962773941759, 0.09863680623174294, 0.2985704241856105, 0.36357526881720414, 0.21753986332574038]
 Tipo: B
83 - Coordendas: [0.42415592085835213, 0.7684647302904564, 0.43266346730653865, 0.33114275282949984, 0.3757547058127146, 0.20544381066746722, 0.09870983446932814, 0.22791188188422778, 0.3729838709677419, 0.20933940774487464]
 Tipo: B
84 - Coordendas: [0.23220789447780296, 0.3244813278008299, 0.24730053989202155, 0.17086527929901424, 0.5690777790931691, 0.24927449214450115, 0.061124634858812074, 0.20799156315912817, 0.557795698924731, 0.2610478359908885]
 Tipo: B
85 - Coordendas: [0.6062604587065654, 0.3112033195020747, 0.6076784643071386, 0.5090665693075332, 0.416952764295016, 0.18973281296907832, 0.03456669912366115, 0.13370049214905086, 0.3723118279569891, 0.16059225512528474]
 Tipo: B
86 - Coordendas: [0.1239295206221084, 0.2510373443983402, 0.16226754649070188, 0.09103078982597053, 0.49709956197466554, 0.504653257280096, 0.22548685491723466, 0.27044762127958755, 0.1646505376344086, 0.45056947608200454]
 Tipo: B
87 - Coordendas: [0.6731961807264493, 0.1771784232365145, 0.6889622075584884, 0.5766094681757333, 0.6779921865751154, 0.3451415991193835, 0.16784323271665044, 0.7610733536442464, 0.396505376344086, 0.21321184510250568]
 Tipo: B
88 - Coordendas: [0.5235751550349442, 0.5190871369294605, 0.5112477504499101, 0.4332481440915176, 0.11696460281756829, -0.020314219953967764, 0.0038826679649464463, 0.021701429575814387, 0.2251344086021506, 0.011161731207289234]
 Tipo: B
89 - Coordendas: [0.41726547888571697, 0.4904564315352697, 0.4290641871625675, 0.3263964950711939, 0.5333254409849651, 0.2754428099669769, 0.08101265822784809, 0.23529411764705882, 0.42204301075268813, 0.22984054669703877]
 Tipo: B
90 - Coordendas: [0.6495718082488432, 0.29502074688796676, 0.6355728854229155, 0.562492393817695, 0.13803717296081447, 0.01656159311518063, 0.017648490749756572, 0.07323646590110149, 0.30107526881720414, 0.04350797266514811]
 Tipo: B
91 - Coordendas: [0.1616300817009548, 0.5074688796680498, 0.16631673665266944, 0.11391018619934282, 0.4708180419083698, 0.16316421495046532, 0.09727361246348588, 0.15022263885633935, 0.42473118279569877, 0.3168564920273348]
 Tipo: B
92 - Coordendas: [0.5560586671916525, 0.25518672199170117, 0.5784343131373725, 0.4254594134112206, 0.6531312892151061, 0.6507555288702092, 0.28456669912366117, 0.8187250996015937, 0.5927419354838709, 0.3911161731207289]
 Tipo: B
93 - Coordendas: [0.2440200807166059, 0.21452282157676347, 0.24940011997600475, 0.17220396738469024, 0.7194270155084646, 0.2860502351646152, 0.026387536514118796, 0.15116006561987344, 1.1310483870967738, 0.4043280182232345]
 Tipo: B
94 - Coordendas: [0.4290776651245201, 0.204149377593361, 0.4517096580683864, 0.33941827917731526, 0.5974902332188943, 0.33763634544180926, 0.16046738072054528, 0.32212327161940474, 0.4133064516129032, 0.19544419134396349]
 Tipo: B
95 - Coordendas: [0.6082291564130325, 0.2697095435684647, 0.608878224355129, 0.5151515151515152, 0.41198058482301403, 0.15751025718002598, 0.03656280428432327, 0.24466838528239981, 0.24462365591397844, 0.15899772209567198]
 Tipo: B
96 - Coordendas: [0.3296584309479278, 0.2954356846473028, 0.3449310137972406, 0.24680540343190943, 0.6519474369598675, 0.2731912338637046, 0.07414800389483935, 0.29060229669557064, 0.43951612903225795, 0.26309794988610474]
 Tipo: B
97 - Coordendas: [0.3867506644354758, 0.35145228215767627, 0.42681463707258543, 0.2901302178410612, 0.7679649579732448, 0.6247373161212848, 0.24829600778967867, 0.6519803140379659, 0.6028225806451613, 0.47152619589977224]
 Tipo: B
98 - Coordendas: [0.39167240870164377, 0.4278008298755186, 0.4092681463707258, 0.2991359376901545, 0.5797324493903161, 0.35569898929250476, 0.10223953261927946, 0.25275369111788143, 0.5369623655913978, 0.2906605922551253]
 Tipo: B
99 - Coordendas: [0.003740525642287651, 0.654771784232365, 0.000899820035992729, 0.010222709017889747, 0.33562211436012784, 0.12678875212648852, 0.0, 0.0, 0.5443548387096773, 0.4783599088838268]
 Tipo: B
100 - Coordendas: [0.4418742002165566, 0.18132780082987549, 0.4398620275944811, 0.3541438481197517, 0.29252989226944487, 0.04343040128089665, 0.02733690360272639, 0.059186782282634166, 0.41196236559139776, 0.10569476082004552]
 Tipo: B
101 - Coordendas: [-0.06988876857958458, 0.154356846473029, -0.061937612477504546, -0.0327370086406231, 0.7620456966970525, 0.2613829680776543, 0.0, 0.0, 0.5846774193548386, 0.5997722095671981]
 Tipo: B
102 - Coordendas: [0.5225908061817107, 0.4593360995850622, 0.5337432513497302, 0.4247292199099428, 0.7206108677637032, 0.2624337035925147, 0.07633885102239532, 0.3099367236934615, 0.9946236559139784, 0.20546697038724374]
 Tipo: B
103 - Coordendas: [0.20631951963775966, 0.42448132780082987, 0.21280743851229753, 0.15102835584763294, 0.5892032674322245, 0.14795356749724808, 0.016623661148977606, 0.09300445277712678, 0.1948924731182796, 0.3883826879271071]
 Tipo: B
104 - Coordendas: [0.57180824884339, 0.12448132780082986, 0.5664367126574685, 0.4816843130096143, 0.2501479815319049, 0.06354448113679576, 0.006713729308666018, 0.05178111085071479, 0.20497311827956993, 0.03416856492027338]
 Tipo: B
105 - Coordendas: [0.35525150113200116, 0.3518672199170124, 0.39007198560287953, 0.26652062796641107, 0.5124896412927668, 0.5456819773841689, 0.37682570593963, 0.3344269978907898, 0.6680107526881719, 0.5658314350797264]
 Tipo: B
106 - Coordendas: [0.4556550841618269, 0.11120331950207467, 0.46385722855428907, 0.35742971887550207, 0.5939386764531787, 0.23201240868608022, 0.09705452775073029, 0.43355987813452074, 0.6041666666666664, 0.17539863325740315]
 Tipo: B
107 - Coordendas: [0.5747612954030906, 0.05103734439834019, 0.5997300539892021, 0.4731653888280395, 0.9052918195809162, 0.4065846092264585, 0.16740506329113924, 0.768221232716194, 0.9025537634408601, 0.3316628701594532]
 Tipo: B
108 - Coordendas: [0.31194015158972327, 0.48838174273858914, 0.3087882423515298, 0.2313496409881952, 0.25665916893571683, 0.09421595116581608, 0.0, 0.0, 0.40389784946236545, 0.1738041002277904]
 Tipo: B
109 - Coordendas: [1.2578993995471992, 0.45477178423236514, 1.3014397120575885, 1.3734939759036142, 0.4608736829643661, 0.5396777744421094, 0.37074001947419666, 1.1893602062338882, 0.7432795698924728, 0.05330296127562646]
 Tipo: M
110 - Coordendas: [1.2687272369327687, 0.5157676348547717, 1.3014397120575885, 1.3625410733844467, 0.4530602580797916, 0.5571900330231162, 0.39922103213242455, 1.1203421607686899, 0.47379032258064496, -0.0366742596810934]
 Tipo: M
111 - Coordendas: [0.7273353676542965, 0.6651452282157675, 0.7510497900419917, 0.6647194839965924, 0.5892032674322245, 0.3715100570399279, 0.30063291139240506, 0.7678696976798688, 0.39448924731182794, 0.2913439635535308]
 Tipo: M
112 - Coordendas: [1.0196869770646717, 0.267219917012448, 1.0839832033593282, 1.01691614944627, 0.6377412098970049, 0.9564695286700691, 0.40993184031158714, 1.2655261307710335, 0.7338709677419353, 0.33895216400911155]
 Tipo: M
113 - Coordendas: [0.9724382321094595, 0.22157676348547717, 1.005998800239952, 0.9549714007545332, 0.5426778738013497, 0.4616231361953367, 0.2403846153846154, 0.9319193812983361, 0.45631720430107514, 0.21958997722095677]
 Tipo: M
114 - Coordendas: [0.9694851855497586, 0.3987551867219917, 1.00749850029994, 0.9507119386637459, 0.43861726056588135, 0.4821374962473731, 0.25219084712755596, 0.8774314506679166, 0.29973118279569894, 0.06970387243735764]
 Tipo: M
115 - Coordendas: [0.830691997243823, 0.33900414937759327, 0.8860227954409119, 0.774978702689546, 0.6081449035160412, 0.6627639347543282, 0.32960077896786755, 0.9083665338645419, 0.6303763440860214, 0.30296127562642367]
 Tipo: M
116 - Coordendas: [0.6623683433408799, 0.4174273858921161, 0.698260347930414, 0.5745405865887794, 0.5314312773765834, 0.4536175322725907, 0.22852969814995133, 0.6842043590344504, 0.5504032258064515, 0.27448747152619585]
 Tipo: M
117 - Coordendas: [1.3464907963382222, 0.2236514522821576, 1.400419916016797, 1.479372033588901, 0.5619746655617378, 0.6407485239667767, 0.4703018500486855, 1.4705882352941178, 0.6135752688172041, 0.22733485193621875]
 Tipo: M
118 - Coordendas: [0.7253666699478294, 0.4199170124481327, 0.7855428914217156, 0.6513326031398321, 0.6069610512608028, 0.6597618332832983, 0.4138266796494645, 1.0329271150691353, 0.5342741935483869, 0.25034168564920256]
 Tipo: M
119 - Coordendas: [1.2834924697312726, 0.8883817427385892, 1.3164367126574685, 1.519532676159182, 0.4979282585533325, 0.454618232762934, 0.3327653359298929, 1.0131239746894773, 0.4764784946236558, 0.11138952164009108]
 Tipo: M
120 - Coordendas: [0.9212520917413131, 0.3887966804979252, 0.9820035992801441, 0.8818303517098698, 0.7277139812951343, 0.6692684879415591, 0.46494644595910417, 1.2772439653152097, 0.7197580645161289, 0.25968109339407747]
 Tipo: M
121 - Coordendas: [0.5698395511369229, 0.4609958506224066, 0.6070785842831435, 0.4731653888280395, 0.5797324493903161, 0.5106574602221555, 0.25876338851022396, 0.6373330208577455, 0.44354838709677397, 0.28109339407744866]
 Tipo: M
122 - Coordendas: [1.0452800472487447, 0.3680497925311202, 1.05998800239952, 1.0595107703541438, 0.3936308748668166, 0.3064144901431002, 0.19885589094449854, 0.6812749003984063, 0.37701612903225795, 0.05466970387243734]
 Tipo: M
123 - Coordendas: [1.1811201889949798, 0.47883817427385883, 1.2309538092381525, 1.25666301569916, 0.6744406298093999, 0.6827779445611928, 0.4805258033106134, 1.4987110382001407, 0.6780913978494622, 0.1854214123006834]
 Tipo: M
124 - Coordendas: [0.6800866226990844, 0.5634854771784231, 0.6906118776244752, 0.6015577461360594, 0.4047590860660589, 0.21475032522765936, 0.20423563777994158, 0.6176470588235294, 0.3810483870967742, 0.052619589977220944]
 Tipo: M
125 - Coordendas: [1.304163795649178, 0.5746887966804978, 1.3644271145770848, 1.45259827187538, 0.5690777790931691, 0.6862803962773941, 0.6601752677702045, 1.5350363252870871, 0.7694892473118278, 0.16241457858769925]
 Tipo: M
126 - Coordendas: [0.7558814843980705, 0.5414937759336099, 0.7840431913617277, 0.6788365583546306, 0.46608263288741564, 0.40108075652957065, 0.27312560856864654, 0.8768455589407077, 0.44153225806451596, 0.207744874715262]
 Tipo: M
127 - Coordendas: [1.36519342454966, 0.5261410788381742, 1.4109178164367129, 1.592552026286966, 0.6910145613827395, 0.46262383668567997, 0.5937195715676729, 1.6276072181860792, 0.44758064516129026, 0.09977220956719822]
 Tipo: M
128 - Coordendas: [1.2697115857860024, 0.4784232365145227, 1.3479304139172168, 1.3990507484483385, 0.6614182550017759, 0.7052937055939157, 0.5326192794547224, 1.313569252402156, 0.5295698924731181, 0.2362186788154897]
 Tipo: M
129 - Coordendas: [0.8031302293532825, 0.5908713692946057, 0.8365326934613079, 0.7451624680540344, 0.3714928376938558, 0.38406884819373555, 0.24191820837390457, 0.6285446449496134, 0.5288978494623655, 0.034851936218678735]
 Tipo: M
130 - Coordendas: [1.4094891229451716, 0.5058091286307053, 1.4889022195560888, 1.596202993793355, 0.6353735053865278, 0.860402281597118, 0.5959104186952288, 1.7588469650808531, 0.5134408602150536, 0.21753986332574038]
 Tipo: M
131 - Coordendas: [0.7932867408209469, 0.3946058091286306, 0.8875224955008998, 0.7158330290860412, 0.848466911329466, 1.0655458821174821, 0.7093476144109055, 1.4553550503866886, 0.8837365591397848, 0.5507972665148063]
 Tipo: M
132 - Coordendas: [0.9301112314204153, 0.2775933609958505, 1.020995800839832, 0.9033710599975661, 0.7809873327808691, 1.0215150605423797, 0.5425998052580331, 1.6416686196390908, 1.3306451612903223, 0.5075170842824601]
 Tipo: M
133 - Coordendas: [0.7962397873806474, 0.5477178423236514, 0.8665266946610679, 0.7450407691371547, 0.7442879128684742, 0.7593315320724507, 0.5192307692307692, 1.1107335364424655, 0.6962365591397848, 0.4888382687927107]
 Tipo: M
134 - Coordendas: [1.0157495816517375, 0.45020746887966795, 1.0569886022795443, 1.0181331386150663, 0.5619746655617378, 0.5276693685579905, 0.2848101265822785, 0.9095383173189594, 0.7096774193548386, 0.20318906605922546]
 Tipo: M
135 - Coordendas: [0.7312727630672308, 0.2892116182572613, 0.7627474505098981, 0.6647194839965924, 0.4277258198176868, 0.36245371760232165, 0.1837877312560857, 0.4779704710569487, 0.35887096774193533, 0.1824601366742596]
 Tipo: M
136 - Coordendas: [0.40053154838074606, 0.34979253112033193, 0.40611877624475107, 0.31726907630522094, 0.5570024860897361, 0.17862503752626835, 0.06536027263875364, 0.4118818842277947, 0.3756720430107525, 0.25102505694760807]
 Tipo: M
137 - Coordendas: [1.5335170784526033, 0.5116182572614106, 1.562387522495501, 1.8444687842278202, 0.3759914762637624, 0.4556189332532773, 0.32229795520934756, 1.1368643074759783, 0.4979838709677419, 0.08382687927107067]
 Tipo: M
138 - Coordendas: [1.1230436066541982, 0.687966804979253, 1.2174565086982603, 1.170256784714616, 0.8153190481827868, 0.778845191634144, 0.47151898734177217, 1.7213498945394892, 0.38575268817204283, 0.46446469248291566]
 Tipo: M
139 - Coordendas: [1.1525740722512055, 0.35145228215767627, 1.1889622075584885, 1.186077643908969, 0.6045933467503256, 0.6042229560692484, 0.3958130477117819, 1.1089758612608391, 0.559811827956989, 0.16104783599088837]
 Tipo: M
140 - Coordendas: [0.7686780194901072, 0.4717842323651451, 0.8245350929814038, 0.7699890470974808, 0.702853083935125, 0.6687681376963874, 0.3704965920155794, 0.9937895476915866, 0.6888440860215052, 0.3824601366742598]
 Tipo: M
141 - Coordendas: [1.0364209075696424, 0.3800829875518672, 1.0614877024595082, 1.0424729219909943, 0.5307209660234403, 0.4416091263884719, 0.2750730282375852, 0.9315678462620108, 0.5020161290322579, 0.10911161731207294]
 Tipo: M
142 - Coordendas: [0.7145388325622598, 0.3261410788381742, 0.7338032393521295, 0.6178654009979312, 0.7584941399313365, 0.5356749724807365, 0.37463485881207403, 1.0105460510897586, 0.6028225806451613, 0.2348519362186788]
 Tipo: M
143 - Coordendas: [0.9753912786691603, 0.5651452282157675, 1.065986802639472, 0.9858829256419618, 0.4766189179590387, 0.885419793855699, 0.5199610516066212, 1.1741270213264587, 0.4274193548387096, 0.49749430523918003]
 Tipo: M
144 - Coordendas: [1.6299832660694948, 0.43526970954356836, 1.7738452309538093, 1.93574297188755, 1.0899727713981295, 1.317222055438807, 1.038948393378773, 2.3576283102882587, 1.0719086021505375, 0.3854214123006833]
 Tipo: M
145 - Coordendas: [0.9507825573383207, 0.5539419087136929, 0.946010797840432, 0.9281976390410125, 0.4023913815555819, 0.19743820674472126, 0.07037487828627069, 0.3324349660182798, 0.3387096774193548, 0.027790432801822296]
 Tipo: M
146 - Coordendas: [1.1712767004626439, 0.3502074688796679, 1.2414517096580684, 1.2700498965559204, 0.702853083935125, 0.7163014109876914, 0.6105160662122688, 1.506913522381064, 0.6498655913978493, 0.2043280182232346]
 Tipo: M
147 - Coordendas: [1.0797322571119203, 0.30746887966804975, 1.1019796040791843, 1.103322380430814, 0.6247188350893809, 0.43310317222055433, 0.3546738072054528, 1.0153503632528709, 0.6088709677419353, 0.23416856492027327]
 Tipo: M
148 - Coordendas: [0.6682744364602814, 0.487551867219917, 0.6948110377924416, 0.5814774248509189, 0.49496862791523616, 0.38041629140398275, 0.29308666017526774, 0.5786266697914225, 0.6821236559139783, 0.10273348519362187]
 Tipo: M
149 - Coordendas: [0.7647406240771729, 0.40539419087136924, 0.8065386922615478, 0.7040282341487161, 0.6697052207884457, 0.49464625237666365, 0.3568646543330088, 0.9476212795875322, 0.5853494623655912, 0.13917995444191336]
 Tipo: M
150 - Coordendas: [1.2293532828034253, 0.5917012448132779, 1.4364127174565087, 1.3077765607886087, 0.8993725583047235, 1.610927649354548, 0.9138266796494645, 1.8795406608858682, 1.2405913978494623, 0.6735763097949887]
 Tipo: M
151 - Coordendas: [0.5649178068707549, 0.4116182572614107, 0.5686862627474506, 0.48071072167457707, 0.4480880786077898, 0.19733813669568698, 0.14259980525803312, 0.402859151628779, 0.36155913978494614, 0.11070615034168572]
 Tipo: M
152 - Coordendas: [1.1565114676641401, 0.37800829875518666, 1.2024595080983804, 1.21285140562249, 0.66615366402273, 0.6072250575402782, 0.549172346640701, 1.3991094445746426, 0.5127688172043009, 0.21184510250569483]
 Tipo: M
153 - Coordendas: [0.49995078255733816, 0.529460580912863, 0.5068986202759448, 0.4087866617987099, 0.44891677518645684, 0.17096967877514263, 0.11467867575462512, 0.31685024607452544, 0.3528225806451612, 0.2004555808656037]
 Tipo: M
154 - Coordendas: [1.059060931194015, 0.5062240663900415, 1.0839832033593282, 1.1008884020932213, 0.4933112347579022, 0.3685079555688982, 0.28067185978578385, 0.802320131239747, 0.42473118279569877, 0.12346241457858773]
 Tipo: M
155 - Coordendas: [0.8907372772910717, 0.4929460580912862, 0.9325134973005399, 0.8507971279055616, 0.5146205753521961, 0.5511858300810567, 0.3281402142161636, 0.7051792828685258, 0.5618279569892471, 0.10728929384965828]
 Tipo: M
156 - Coordendas: [0.6013387144403977, 0.2522821576763485, 0.6375224955009, 0.5034684191310698, 0.5690777790931691, 0.523166216351446, 0.18960564751703993, 0.5939770330442934, 0.4045698924731181, 0.3145785876993165]
 Tipo: M
157 - Coordendas: [0.9458608130721528, 0.30580912863070525, 0.976004799040192, 0.9222343921139102, 0.5702616313484078, 0.40358250775542875, 0.3081791626095423, 0.9787907194750409, 0.506048387096774, 0.09749430523917993]
 Tipo: M
158 - Coordendas: [1.139777537159169, 0.6954356846473028, 1.1994601079784044, 1.206766459778508, 0.48987806321771044, 0.7428199739817872, 0.40335929892891914, 0.8897351769393016, 0.5329301075268815, 0.24510250569476077]
 Tipo: M
159 - Coordendas: [0.7322571119204645, 0.83402489626556, 0.7317036592681463, 0.668248752586102, 0.36190363442642354, 0.11312919043330331, 0.11407010710808178, 0.32095148816498714, 0.5322580645161289, 0.024829157175398648]
 Tipo: M
160 - Coordendas: [0.8946746727040062, 0.3771784232365145, 0.920515896820636, 0.8712425459413411, 0.42642358233692446, 0.34213949764835383, 0.20501460564751706, 0.7705647996250293, 0.559811827956989, 0.07949886104783599]
 Tipo: M
161 - Coordendas: [1.2421498178954617, 0.7199170124481327, 1.2744451109778046, 1.360107095046854, 0.5607908133064995, 0.4270989692784949, 0.3697663096397274, 1.093625498007968, 0.5067204301075268, 0.0881548974943052]
 Tipo: M
162 - Coordendas: [0.7056796928831576, 0.5601659751037344, 0.7870425914817039, 0.6097115735669952, 0.6128803125369955, 0.8734113879715801, 0.4130963972736124, 1.0403093508319663, 0.4549731182795697, 0.3387243735763098]
 Tipo: M
163 - Coordendas: [0.6476031105423761, 0.5327800829875519, 0.687612477504499, 0.559084824145065, 0.6057771990055641, 0.46012208545982186, 0.3561343719571568, 0.7193578626669791, 0.5819892473118278, 0.18154897494305233]
 Tipo: M
164 - Coordendas: [0.5393247366866817, 0.5020746887966804, 0.562387522495501, 0.4394547888523792, 0.526932638806677, 0.4065846092264585, 0.20104673807205453, 0.6154206702601359, 0.461021505376344, 0.2259681093394077]
 Tipo: M
165 - Coordendas: [1.1309183974800667, 0.5302904564315352, 1.1934613077384524, 1.1897286114153585, 0.3859358352077661, 0.5972180526368458, 0.2711781888997079, 0.7935317553316148, 0.4751344086021504, 0.07835990888382685]
 Tipo: M
166 - Coordendas: [1.3021950979427108, 0.6381742738589211, 1.4259148170365927, 1.4319094560058414, 0.6779921865751154, 1.0015010507355149, 0.7726387536514119, 1.7272088118115774, 0.7318548387096773, 0.3858769931662871]
 Tipo: M
167 - Coordendas: [0.607244807559799, 0.29958506224066384, 0.6454709058188361, 0.49714007545332844, 0.5915709719427016, 0.64174922445712, 0.24101752677702046, 0.6564330911647528, 0.7029569892473118, 0.3943052391799544]
 Tipo: M
168 - Coordendas: [0.7844276011418445, 0.5597510373443982, 0.934013197360528, 0.7339661677011075, 0.6898307091275009, 1.4408085659961973, 0.7731256085686465, 1.6135458167330676, 0.9643817204301074, 0.6649202733485193]
 Tipo: M
169 - Coordendas: [0.5826360862289593, 0.6215767634854772, 0.5974805038992202, 0.4894730436899112, 0.47294897596779917, 0.27609326528569994, 0.12865141187926, 0.3614951956878369, 0.4711021505376343, 0.2152619589977221]
 Tipo: M
