0 - Coordendas: [0.11684220887882665, 0.2398340248962655, 0.13149204443110185, 0.08591943531702567, 0.2023986519972248, 0.28163504791707417, 0.11492210321324246, 0.2790016404968362, 0.5524981897175959, 0.32710706150341695]
 Tipo: B
1 - Coordendas: [0.08928044098828632, 0.4676348547717842, 0.10027018913239266, 0.06255324327613485, 0.6124492021012985, 0.3434871895169177, 0.0730282375851996, 0.10849543004452777, 0.47863866763215046, 0.3580865603644648]
 Tipo: B
2 - Coordendas: [0.27453489516684715, 0.21867219917012445, 0.2928549984989492, 0.19861263234757212, 0.3533551392605809, 0.4005476237042832, 0.15421129503407985, 0.2599015701898289, 0.5488776249094858, 0.39407744874715267]
 Tipo: B
3 - Coordendas: [0.9005807658234077, 0.40456431535269705, 0.9069348543980787, 0.8638189120116831, 0.11834671424323527, 0.2584099354586349, 0.125365141187926, 0.3247011952191235, 0.4902244750181028, 0.01890660592255119]
 Tipo: B
4 - Coordendas: [0.4418742002165566, 0.44854771784232356, 0.4389072350645452, 0.35085797736400137, 0.17464565368222829, 0.10267944455309994, 0.05800876338851022, 0.20740567143191938, 0.4141926140477914, 0.1120728929384966]
 Tipo: B
5 - Coordendas: [0.33851757062703025, 0.2867219917012448, 0.3375863104172921, 0.256419617865401, 0.1883239171374765, 0.09270486993937023, 0.03332521908471276, 0.16053433325521443, 0.24909485879797252, 0.2193621867881549]
 Tipo: B
6 - Coordendas: [0.4300620139777537, 0.3813278008298754, 0.43050135094566194, 0.3345503225021297, 0.21161661215184863, 0.18853901818893018, 0.018281402142161635, 0.0994609796109679, 0.280955829109341, 0.19658314350797262]
 Tipo: B
7 - Coordendas: [0.3562358499852347, 0.3871369294605808, 0.3575502851996397, 0.2722404770597542, 0.1871345029239767, 0.1350968120477215, 0.09028724440116845, 0.26130771033513006, 0.2527154236060826, 0.1097949886104783]
 Tipo: B
8 - Coordendas: [0.3011123142041539, 0.21825726141078836, 0.3044130891624138, 0.22502129731045392, 0.15283972643473093, 0.15651281048308233, 0.054795520934761435, 0.09227794703538786, 0.16799420709630697, 0.11457858769931661]
 Tipo: B
9 - Coordendas: [0.35525150113200116, 0.3518672199170124, 0.3895226658661064, 0.26652062796641107, 0.33115274060858374, 0.5530999413260317, 0.37682570593963, 0.3344269978907898, 0.6422881969587254, 0.5658314350797264]
 Tipo: B
10 - Coordendas: [0.6082291564130325, 0.2697095435684647, 0.6085259681777243, 0.5151515151515152, 0.2470016850034691, 0.17377273616272246, 0.03656280428432327, 0.24466838528239981, 0.18609703113685733, 0.15899772209567198]
 Tipo: B
11 - Coordendas: [0.41824982773895053, 0.3539419087136928, 0.41624136895827074, 0.3251795059023975, 0.1992268807612252, 0.1375415607275572, 0.04800389483933788, 0.15807358800093743, 0.507603186097031, 0.21070615034168566]
 Tipo: B
12 - Coordendas: [0.31587754700265774, 0.13485477178423236, 0.3108676073251276, 0.2390166727516125, 0.12528496382198434, 0.08703305300215138, 0.007521908471275559, 0.07719709397703305, 0.19913106444605352, 0.12710706150341688]
 Tipo: B
13 - Coordendas: [0.5905108770548281, 0.2639004149377593, 0.5983188231762234, 0.49738347328708776, 0.2032907126573496, 0.21689810287502448, 0.06222005842259007, 0.2379892195922194, 0.5104996379435192, 0.11025056947608193]
 Tipo: B
14 - Coordendas: [0.3473767103061325, 0.42116182572614097, 0.3596517562293605, 0.26396495071193865, 0.42511646347507187, 0.23670056718169374, 0.012185978578383641, 0.0888563393484884, 0.559739319333816, 0.1920273348519362]
 Tipo: B
15 - Coordendas: [0.42317157200511857, 0.6298755186721992, 0.44476133293305314, 0.3296823658269441, 0.40132817920507485, 0.35595540778407986, 0.13244888023369036, 0.5008202484180924, 0.4728457639391744, 0.3792710706150343]
 Tipo: B
16 - Coordendas: [0.7165075302687272, 0.30041493775933603, 0.7241068748123687, 0.627357916514543, 0.3572207354544554, 0.2907784079796597, 0.0633398247322298, 0.4430513241153035, 0.44388124547429386, 0.10592255125284741]
 Tipo: B
17 - Coordendas: [0.47927945663943294, 0.38838174273858916, 0.5094566196337437, 0.3838383838383838, 0.24868668847259395, 0.4127713671034618, 0.250730282375852, 0.5145301148347785, 0.2650253439536567, 0.22756264236902046]
 Tipo: B
18 - Coordendas: [0.4704203169603307, 0.31535269709543556, 0.48739117382167524, 0.3769015455762444, 0.2653384874615919, 0.2783101897124976, 0.08785296981499513, 0.277595500351535, 0.2599565532223027, 0.196127562642369]
 Tipo: B
19 - Coordendas: [0.3454080125996652, 0.8157676348547718, 0.3405884118883219, 0.26238286479250333, 0.11874318564773521, 0.0792098572266771, 0.0, 0.0, -0.07748008689355539, 0.07220956719817766]
 Tipo: B
20 - Coordendas: [0.3217836401220593, 0.32821576763485477, 0.3423896727709398, 0.23755628574905685, 0.3405689364654575, 0.3820653236847252, 0.12811587147030185, 0.32669322709163345, 0.32729905865314973, 0.27858769931662863]
 Tipo: B
21 - Coordendas: [0.39462545526134446, 0.3900414937759335, 0.39552686880816573, 0.3021784106121455, 0.25403905243334324, 0.1620868374731078, 0.03853456669912366, 0.1345207405671432, 0.5568428674873279, 0.21480637813211848]
 Tipo: B
22 - Coordendas: [0.4989664337041046, 0.37883817427385885, 0.5087060942659862, 0.396981866861385, 0.3394786401030826, 0.29405437121063954, 0.06543330087633885, 0.20869463323177875, 0.4286748732802316, 0.22733485193621875]
 Tipo: B
23 - Coordendas: [0.4851855497588344, 0.308713692946058, 0.4899429600720505, 0.39247900693683824, 0.2311428288234712, 0.17074124779972621, 0.07220058422590069, 0.2662292008436841, 0.4576393917451122, 0.14601366742596808]
 Tipo: B
24 - Coordendas: [0.13170587656265378, 0.31618257261410776, 0.16226358450915643, 0.09748083242059144, 0.43701060561007044, 0.5961275180911403, 0.7619279454722493, 0.5126552613077103, 0.6835626357711803, 0.6517084282460137]
 Tipo: B
25 - Coordendas: [0.1846638448666207, 0.2572614107883817, 0.18357850495346748, 0.13289521723256664, 0.2193478045395977, 0.10507529825933892, 0.040214216163583255, 0.19533630185141787, 0.27805937726285285, 0.27744874715261963]
 Tipo: B
26 - Coordendas: [0.19460576828427983, 0.34813278008298754, 0.1963374362053438, 0.1410490446635025, 0.20418277331747456, 0.1706434578525328, 0.03600292112950341, 0.06760018748535271, 0.3714699493120927, 0.2794988610478359]
 Tipo: B
27 - Coordendas: [0.13298553007185743, 0.3813278008298754, 0.18147703392374667, 0.09017889740781306, 0.36842105263157904, 0.8694504204967729, 0.4807692307692308, 0.5751113194281696, 0.8421433743664011, 0.8104783599088836]
 Tipo: B
28 - Coordendas: [0.457623781868294, 0.5190871369294605, 0.47838486940858593, 0.3579165145430206, 0.3834869660025771, 0.40152552317621754, 0.1307205452775073, 0.33067729083665337, 0.27805937726285285, 0.35899772209567204]
 Tipo: B
29 - Coordendas: [0.37100108278373856, 0.3506224066390041, 0.38441909336535585, 0.28319337957892177, 0.2579046486272178, 0.28143946802268727, 0.08140214216163583, 0.17600187485352708, 0.17668356263577117, 0.241002277904328]
 Tipo: B
30 - Coordendas: [0.23516094103750365, 0.2240663900414937, 0.23686580606424498, 0.17901910672995008, 0.2989394389929627, 0.1348034422061412, 0.0038875365141187923, 0.02816967424419967, 0.38812454742939895, 0.19658314350797262]
 Tipo: B
31 - Coordendas: [0.17846244709124906, 0.11327800829875512, 0.18552987090963682, 0.1259583789704271, 0.3953811081375757, 0.22266770975943678, 0.07195715676728334, 0.24326224513709868, 0.4692251991310643, 0.3917995444191344]
 Tipo: B
32 - Coordendas: [0.2863470814056501, 0.38340248962655593, 0.3197238066646653, 0.21419009370816594, 0.3406680543165824, 0.46606688832388027, 0.15547711781888995, 0.30958518865713613, 0.5467052860246198, 0.29749430523917986]
 Tipo: B
33 - Coordendas: [0.006792007087311737, 0.6153526970954356, -0.0009006304413088437, 0.012900085189241808, -0.0979284369114877, 0.11852141599843537, 0.0, 0.0, 0.30412744388124546, 0.15922551252847386]
 Tipo: B
34 - Coordendas: [0.6544935525150112, 0.15601659751037342, 0.6684178925247675, 0.5729585006693441, 0.36227574586182976, 0.2780168198709173, 0.13933787731256086, 0.5393719240684322, 0.6574945691527876, 0.059908883826879276]
 Tipo: B
35 - Coordendas: [0.6840240181120189, 0.2962655601659751, 0.6939357550285199, 0.6031398320554947, 0.23689166418872046, 0.23274007432035987, 0.1263875365141188, 0.32704476212795874, 0.1752353367125271, 0.0387243735763098]
 Tipo: B
36 - Coordendas: [0.457623781868294, 0.2174273858921161, 0.4549684779345543, 0.363514664719484, 0.24095549608484487, 0.12874046548014864, 0.051338851022395326, 0.2406843215373799, 0.29254163649529313, 0.11913439635535304]
 Tipo: B
37 - Coordendas: [0.3906880598484102, 0.30539419087136926, 0.3860702491744222, 0.30497748570037725, 0.1298443849737338, 0.08273029532564052, 0.020219084712755596, 0.13616123740332786, 0.3649529326574945, 0.12437357630979498]
 Tipo: B
38 - Coordendas: [0.3936411064081109, 0.6112033195020746, 0.42614830381266894, 0.2872094438359498, 0.6055109525225494, 0.6640915313905731, 0.10990749756572542, 0.5309350831966253, 0.6980448950036205, 0.5056947608200456]
 Tipo: B
39 - Coordendas: [0.21508022443153846, 0.4020746887966804, 0.23971780246172328, 0.15565291468905926, 0.37654871642382803, 0.3793761001369059, 0.14980525803310613, 0.3549332083430982, 0.5633598841419261, 0.25899772209567196]
 Tipo: B
40 - Coordendas: [0.7007579486169897, 0.20705394190871362, 0.7006904833383368, 0.6210295728368018, 0.22014074734859757, 0.1504987287306865, 0.08315481986368063, 0.29775017576751817, 0.3562635771180303, 0.037129840546697025]
 Tipo: B
41 - Coordendas: [0.4507333398956589, 0.8406639004149377, 0.44190933653557496, 0.35901180479493733, 0.14352264842898213, 0.07138666145120283, 0.0, 0.0, 0.3866763215061549, 0.1765375854214123]
 Tipo: B
42 - Coordendas: [0.2755192440200807, 0.36929460580912854, 0.28339837886520564, 0.19946452476572957, 0.43899296263257026, 0.23176217484842562, 0.055915287244401174, 0.208577454886337, 0.22809558291093407, 0.32232346241457865]
 Tipo: B
43 - Coordendas: [0.16792991436164978, 0.4966804979253111, 0.1766736715700991, 0.11975173420956553, 0.17028446823272875, 0.20120281635047918, 0.09092015579357351, 0.060089055542535734, 0.07748008689355548, 0.3505694760820044]
 Tipo: B
44 - Coordendas: [0.37887587360960706, 0.04190871369294605, 0.38652056439507665, 0.29049531459170014, 0.23253047873922103, 0.19709563856835519, 0.03327653359298929, 0.10437075228497773, 0.48225923244026053, 0.20842824601366738]
 Tipo: B
45 - Coordendas: [0.4448272467762575, 0.3448132780082987, 0.4552686880816572, 0.35049288061336253, 0.2953711963524632, 0.25606297672599254, 0.10691333982473224, 0.23752050621045231, 0.3823316437364229, 0.16651480637813204]
 Tipo: B
46 - Coordendas: [0.32276798897529285, 0.3107883817427385, 0.3564995496847794, 0.24473652184495556, 0.26404995539696696, 0.4494425973009975, 0.23020934761441092, 0.42336536208108744, 0.2331643736422882, 0.3314350797266515]
 Tipo: B
47 - Coordendas: [0.2440200807166059, 0.21452282157676347, 0.24872410687481236, 0.17220396738469024, 0.5044107443750621, 0.29938392333268143, 0.026387536514118796, 0.15116006561987344, 1.1412020275162922, 0.4043280182232345]
 Tipo: B
48 - Coordendas: [0.7194605768284278, 0.2406639004149377, 0.7425697988592015, 0.625654131678228, 0.21012984438497384, 0.44113045178955607, 0.15834956183057447, 0.44293414576986173, 0.5170166545981172, 0.16446469248291565]
 Tipo: B
49 - Coordendas: [0.3887193621419431, 0.35767634854771774, 0.4081356949864906, 0.2946330777656079, 0.512340172465061, 0.4025034226481518, 0.17210321324245376, 0.4083665338645418, 0.45908761766835626, 0.30410022779043266]
 Tipo: B
50 - Coordendas: [0.35328280342553386, 0.15269709543568463, 0.3755628940258181, 0.26092247778994765, 0.5341460997125583, 0.46068844122824176, 0.11282862706913341, 0.5619873447386923, 0.43736422881969583, 0.20205011389521646]
 Tipo: B
51 - Coordendas: [0.3680480362240377, 0.23568464730290453, 0.37646352446712705, 0.2791773153218936, 0.3358112796114581, 0.24207901427733233, 0.0852726387536514, 0.3368877431450668, 0.4105720492396813, 0.1548974943052392]
 Tipo: B
52 - Coordendas: [0.7893493454080126, 0.17510373443983396, 0.8108676073251275, 0.71960569550931, 0.3182674199623352, 0.3678857813416781, 0.1736854917234664, 0.6952191235059761, 0.4699493120926865, 0.12255125284738047]
 Tipo: B
53 - Coordendas: [0.5383403878334481, 0.44937759336099575, 0.5415791053737616, 0.4482171108677133, 0.1074437506194866, 0.16316252689223548, 0.043816942551119765, 0.14717600187485352, 0.3953656770456191, 0.16013667425968112]
 Tipo: B
54 - Coordendas: [0.5964169701742296, 0.5834024896265559, 0.6088261783248274, 0.5106486552269685, 0.17761918921597786, 0.23806962644240176, 0.11433787731256086, 0.27466604171549097, 0.4388124547429399, 0.05558086560364459]
 Tipo: B
55 - Coordendas: [0.7184762279751943, 0.5145228215767634, 0.7437706394476133, 0.636850432031155, 0.22440281494697203, 0.40641502053588896, 0.16696689386562805, 0.45418326693227096, 0.562635771180304, 0.1658314350797267]
 Tipo: B
56 - Coordendas: [0.3296584309479278, 0.21659751037344394, 0.3405884118883219, 0.24619690884751122, 0.17206858955297852, 0.25136905926070807, 0.08631937682570594, 0.24302788844621515, 0.6053584359160028, 0.2416856492027335]
 Tipo: B
57 - Coordendas: [0.723397972241362, 0.2917012448132779, 0.7617832482737917, 0.6316173786053304, 0.3599960352859551, 0.5721689810287502, 0.18795034079844206, 0.7197093977033044, 0.3627805937726285, 0.3835990888382688]
 Tipo: B
58 - Coordendas: [0.5117629687961412, 0.24854771784232357, 0.5418793155208645, 0.42132165023731294, 0.15531767271285563, 0.37365538822609035, 0.27142161635832524, 0.3972345910475744, 0.19188993482983338, 0.17084282460136674]
 Tipo: B
59 - Coordendas: [0.102667585392263, 0.29585062240663895, 0.10942659861903341, 0.07776560788608981, 0.41024878580632385, 0.2684334050459613, 0.0, 0.0, 0.5923244026068066, 0.4357630979498861]
 Tipo: B
60 - Coordendas: [0.21783640122059253, 0.34647302904564303, 0.24947463224256974, 0.16064257028112444, 0.34175835067895743, 0.5379424995110502, 0.31815968841285297, 0.4354347316615889, 0.36350470673425045, 0.6676537585421412]
 Tipo: B
61 - Coordendas: [0.35131410571906674, 0.4199170124481327, 0.35004503152206545, 0.2649385420469758, 0.2240063435424721, 0.1210150596518678, 0.012334469328140215, 0.0663698148582142, 0.3403330919623462, 0.26378132118451025]
 Tipo: B
62 - Coordendas: [0.6229943892115364, 0.2468879668049792, 0.6245872110477335, 0.530728976512109, 0.16998711467935373, 0.17812438881283005, 0.050803310613437194, 0.3107569721115538, 0.3055756698044895, 0.09134396355353074]
 Tipo: B
63 - Coordendas: [0.550152574072251, 0.16639004149377593, 0.5675472830981688, 0.45198977729098205, 0.20933690157597384, 0.32451593976139265, 0.12358812074001949, 0.3355987813452074, 0.3258508327299059, 0.09316628701594525]
 Tipo: B
64 - Coordendas: [0.5895265282015945, 0.2746887966804978, 0.5971179825878116, 0.4930023122794207, 0.2999306175042126, 0.25997457461372975, 0.042648490749756574, 0.22029528943051324, 0.33598841419261394, 0.22095671981776766]
 Tipo: B
65 - Coordendas: [0.35918889654493547, 0.47925311203319504, 0.3677574302011409, 0.2751612510648655, 0.248587570621469, 0.22672599256796405, 0.12495131450827654, 0.22252167799390674, 0.23171614771904414, 0.3061503416856492]
 Tipo: B
66 - Coordendas: [0.6466187616891425, 0.3510373443983403, 0.6490543380366256, 0.5631008884020933, 0.032213301615621005, 0.16047330334441623, 0.06024829600778968, 0.1610030466369815, 0.3388848660391021, 0.09134396355353074]
 Tipo: B
67 - Coordendas: [0.20533517078452593, 0.30207468879668037, 0.21795256679675776, 0.1457953024218084, 0.408266428783824, 0.3161548992763544, 0.1055014605647517, 0.2083430981954535, 0.30195510499637945, 0.42824601366742604]
 Tipo: B
68 - Coordendas: [0.5176690619155427, 0.2618257261410788, 0.527769438607025, 0.4177923816478034, 0.37654871642382803, 0.29361431644826913, 0.14982960077896787, 0.39489102413873917, 0.4076755973931932, 0.2927107061503415]
 Tipo: B
69 - Coordendas: [0.5088099222364404, 0.14979253112033192, 0.5229660762533773, 0.40696117804551535, 0.5044107443750621, 0.33717973792294154, 0.09250243427458617, 0.39840637450199207, 0.2722664735698768, 0.2940774487471526]
 Tipo: B
70 - Coordendas: [0.42415592085835213, 0.7684647302904564, 0.43215250675472827, 0.33114275282949984, 0.21667162255922298, 0.22061412086837476, 0.09870983446932814, 0.22791188188422778, 0.32440260680666183, 0.20933940774487464]
 Tipo: B
71 - Coordendas: [0.3660793385175706, 0.04605809128630703, 0.38066646652656866, 0.28343677741268103, 0.3094459312122113, 0.23210443966360264, 0.085491723466407, 0.30735880009374267, 0.3620564808110064, 0.21138952164009103]
 Tipo: B
72 - Coordendas: [0.5855891327886602, 0.2443983402489626, 0.591413989792855, 0.4927589144456614, 0.3144018237684607, 0.2294152161157833, 0.11453261927945473, 0.4371924068432154, 0.39826212889210705, 0.10820045558086554]
 Tipo: B
73 - Coordendas: [0.5462151786593168, 0.4323651452282157, 0.5837586310417293, 0.4533284653766581, 0.20150659133709983, 0.5032270682573833, 0.24586173320350538, 0.3319662526365128, 0.31426502534395356, 0.2840546697038725]
 Tipo: B
74 - Coordendas: [0.49306034058470305, 0.10207468879668045, 0.493845691984389, 0.3950346841913107, 0.25116463475071865, 0.18853901818893018, 0.05744888023369036, 0.2814623857511132, 0.30123099203475734, 0.24829157175398633]
 Tipo: B
75 - Coordendas: [0.49502903829117034, 0.33029045643153526, 0.49534674271990403, 0.402701715954728, 0.16304886510060468, 0.12634461177390965, 0.03412852969814995, 0.21502226388563395, 0.2114409847936278, 0.08177676537585428]
 Tipo: B
76 - Coordendas: [0.4458115956294911, 0.4286307053941908, 0.47268087661362956, 0.3440428380187417, 0.46674596094756676, 0.468511637003716, 0.19900194741966895, 0.25380829622685724, 0.6929761042722664, 0.3892938496583144]
 Tipo: B
77 - Coordendas: [0.5983856678806967, 0.1477178423236514, 0.6016211347943561, 0.5017646342947548, 0.2921003072653386, 0.2094171719147272, 0.025876338851022397, 0.22463088821185845, 0.30774800868935553, 0.16560364464692479]
 Tipo: B
78 - Coordendas: [0.24303573186337235, 0.4099585062240663, 0.25142599819873923, 0.17196056955093098, 0.37456635940132826, 0.27214942303931156, 0.012232229795520935, 0.13077103351300678, 0.4518464880521361, 0.2610478359908885]
 Tipo: B
79 - Coordendas: [0.45368638645535975, 0.3863070539419086, 0.4488141699189432, 0.3577948156261409, 0.20438100901972445, 0.1106982202229611, 0.018880233690360272, 0.10001171783454417, 0.26937002172338886, 0.17312072892938501]
 Tipo: B
80 - Coordendas: [0.44876464218919176, 0.5282157676348548, 0.453317322125488, 0.3603504928806134, 0.19238774903360106, 0.1594954038724819, 0.04172346640701071, 0.14776189360206235, 0.27299058653149894, 0.18018223234624145]
 Tipo: B
81 - Coordendas: [0.8671129048134658, 0.35601659751037334, 0.8799159411588111, 0.8125836680053548, 0.3404698186143325, 0.3192841775865441, 0.14269717624148004, 0.566557300210921, 0.2375090514120202, 0.09293849658314352]
 Tipo: B
82 - Coordendas: [0.6259474357712372, 0.7236514522821575, 0.6514560192134493, 0.523305342582451, 0.36455545643770454, 0.45579894386857034, 0.10861733203505355, 0.5043355987813453, 0.2679217958001448, 0.22460136674259681]
 Tipo: B
83 - Coordendas: [0.5225908061817107, 0.4593360995850622, 0.5333233263284299, 0.4247292199099428, 0.5054019228863119, 0.2763054957950323, 0.07633885102239532, 0.3099367236934615, 0.9942070963070238, 0.20546697038724374]
 Tipo: B
84 - Coordendas: [0.4113593857663154, 0.49087136929460573, 0.4330531371960372, 0.3183643665571377, 0.0358806621072455, 0.42548406023860746, 0.21365628042843232, 0.279587532224045, 0.1317885590152063, 0.3250569476082004]
 Tipo: B
85 - Coordendas: [0.5058568756767398, 0.24979253112033192, 0.5240168117682378, 0.4095168552999878, 0.27643968678759046, 0.309554077840798, 0.14203992210321323, 0.36067494726974453, 0.38957277335264306, 0.1658314350797267]
 Tipo: B
86 - Coordendas: [-0.06988876857958458, 0.154356846473029, -0.06289402581807262, -0.0327370086406231, 0.5400931707800576, 0.2752787013495013, 0.0, 0.0, 0.5524981897175959, 0.5997722095671981]
 Tipo: B
87 - Coordendas: [0.5619647603110541, 0.30041493775933603, 0.5628940258180727, 0.4648898624802239, 0.16711269699672912, 0.18374731077645218, 0.05309152872444012, 0.17260370283571597, 0.3497465604634323, 0.11753986332574026]
 Tipo: B
88 - Coordendas: [0.4546707353085933, 0.28257261410788376, 0.4684779345541879, 0.3657052452233175, 0.28952324313608885, 0.23914531586152946, 0.08208373904576437, 0.2662292008436841, 0.40043446777697306, 0.1660592255125284]
 Tipo: B
89 - Coordendas: [0.3985628506742789, 0.20663900414937753, 0.42524767337136, 0.31106243154435925, 0.18316978887897722, 0.3776158810874242, 0.16372930866601754, 0.3092336536208109, 0.24040550325850832, 0.35831435079726653]
 Tipo: B
90 - Coordendas: [0.3985628506742789, 0.17883817427385887, 0.3941759231462023, 0.3126445174637945, 0.15482208345723075, 0.11744572657930766, 0.05464946445959105, 0.3237637684555894, 0.6763215061549601, 0.21138952164009103]
 Tipo: B
91 - Coordendas: [0.5875578304951273, 0.22572614107883815, 0.6047733413389372, 0.49920895704028234, 0.1999207057191001, 0.27430080187756706, 0.10343232716650438, 0.28954769158659477, 0.45257060101375807, 0.1621867881548975]
 Tipo: B
92 - Coordendas: [0.509794271089674, 0.2697095435684647, 0.5163614530171119, 0.4159668978946088, 0.31460005947071074, 0.20931938196753377, 0.0949367088607595, 0.18924302788844624, 0.6104272266473569, 0.13302961275626418]
 Tipo: B
93 - Coordendas: [0.5678708534304557, 0.7676348547717842, 0.5690483338336836, 0.476694657417549, 0.12548319952423437, 0.13631918638763937, 0.030939629990262903, 0.13088821185844854, 0.18392469225199132, 0.1316628701594533]
 Tipo: B
94 - Coordendas: [0.35131410571906674, 0.42531120331950206, 0.3863704593215251, 0.2722404770597542, 0.17533947864010307, 0.4826911793467632, 0.22575462512171374, 0.6547925943285681, 1.0340333091962344, 0.23872437357630985]
 Tipo: B
95 - Coordendas: [0.5186534107687765, 0.35601659751037334, 0.5433803662563795, 0.43178775708896194, 0.10902963623748647, 0.29146293761001374, 0.09875851996105162, 0.22064682446683853, 0.5119478638667632, 0.16264236902050114]
 Tipo: B
96 - Coordendas: [0.3296584309479278, 0.2954356846473028, 0.34434103872710903, 0.24680540343190943, 0.44791356923381914, 0.28681791511832583, 0.07414800389483935, 0.29060229669557064, 0.39608979000724104, 0.26309794988610474]
 Tipo: B
97 - Coordendas: [0.38478196672900866, 0.12987551867219913, 0.3956769738817173, 0.2947547766824875, 0.27078996927346616, 0.27317621748484255, 0.10214216163583252, 0.3925474572299039, 0.3280231716147719, 0.31822323462414587]
 Tipo: B
98 - Coordendas: [0.3316271286543951, 0.21244813278008295, 0.3351846292404684, 0.25289034927589144, 0.14768559817623164, 0.13837277527870137, 0.06601752677702044, 0.084907429107101, 0.26647356987690074, 0.23439635535307518]
 Tipo: B
99 - Coordendas: [0.1616300817009548, 0.5074688796680498, 0.1655658961272891, 0.11391018619934282, 0.296263257012588, 0.17929786817915122, 0.09727361246348588, 0.15022263885633935, 0.3801593048515567, 0.3168564920273348]
 Tipo: B
100 - Coordendas: [0.2705974997539127, 0.23858921161825725, 0.27979585709997007, 0.1937446756723865, 0.42412528496382207, 0.2828085272833953, 0.016170886075949367, 0.14248886805718305, 0.44967414916726994, 0.2881548974943053]
 Tipo: B
101 - Coordendas: [0.5334186435672801, 0.24273858921161823, 0.5888622035424796, 0.43787270293294395, 0.7660818713450294, 0.7682378251515745, 0.5041382667964946, 1.1250292945863605, 0.5488776249094858, 0.5710706150341686]
 Tipo: M
102 - Coordendas: [0.6023230632936312, 0.5825726141078837, 0.6541579105373762, 0.5201411707435803, 0.6917434830012886, 0.769704674359476, 0.3792599805258033, 1.0752284977736113, 0.7849384503982619, 0.5093394077448746]
 Tipo: M
103 - Coordendas: [1.1565114676641401, 0.37800829875518666, 1.2026418492945061, 1.21285140562249, 0.45980771136881754, 0.6132407588499903, 0.549172346640701, 1.3991094445746426, 0.4750181028240404, 0.21184510250569483]
 Tipo: M
104 - Coordendas: [0.607244807559799, 0.29958506224066384, 0.6451516061242869, 0.49714007545332844, 0.39736346516007537, 0.6469782906317231, 0.24101752677702046, 0.6564330911647528, 0.6799420709630701, 0.3943052391799544]
 Tipo: M
105 - Coordendas: [0.7253666699478294, 0.4199170124481327, 0.7853497448213749, 0.6513326031398321, 0.41024878580632385, 0.6645804811265402, 0.4138266796494645, 1.0329271150691353, 0.4981897175959449, 0.25034168564920256]
 Tipo: M
106 - Coordendas: [1.2687272369327687, 0.5157676348547717, 1.3017111978384868, 1.3625410733844467, 0.28139557934383985, 0.5643457852532759, 0.39922103213242455, 1.1203421607686899, 0.43301955104996365, -0.0366742596810934]
 Tipo: M
107 - Coordendas: [0.6456344128359089, 0.4983402489626555, 0.6852296607625337, 0.5629791894852135, 0.3540489642184558, 0.44210835126149034, 0.3210808179162609, 0.6559643777829858, 0.5199131064446053, 0.21412300683371294]
 Tipo: M
108 - Coordendas: [0.8434885323358599, 0.5049792531120331, 0.8934253977784449, 0.7988316903979554, 0.5351372782238082, 0.5325640524154117, 0.43792599805258037, 0.9352003749707055, 0.5083272990586531, 0.3068337129840547]
 Tipo: M
109 - Coordendas: [0.5225908061817107, 0.5024896265560166, 0.5932152506754729, 0.4252160155774613, 0.6421845574387948, 0.8498924310580873, 0.4525316455696203, 1.0959690649168035, 0.8566256335988411, 0.5020501138952164]
 Tipo: M
110 - Coordendas: [0.990156511467664, 0.7601659751037344, 1.040528369858901, 0.9872216137276378, 0.3712954703142037, 0.5477214942303931, 0.4133398247322298, 0.9717600187485353, 0.3953656770456191, 0.16651480637813204]
 Tipo: M
111 - Coordendas: [1.0177182793582045, 0.2962655601659751, 1.043530471329931, 0.9974443227455275, 0.2672217266329666, 0.5076276158810874, 0.2653359298928919, 0.7328333723927818, 0.40043446777697306, 0.1355353075170842]
 Tipo: M
112 - Coordendas: [0.4910916428782359, 0.5863070539419086, 0.521014710297208, 0.3999026408664963, 0.49251660224006344, 0.5222961079601017, 0.2745861733203505, 0.8053667682212328, 0.5343953656770456, 0.3200455580865604]
 Tipo: M
113 - Coordendas: [1.1525740722512055, 0.5721991701244813, 1.2176523566496547, 1.198247535596933, 0.3983546436713253, 0.6670252298063759, 0.49878286270691335, 1.0412467775955003, 0.5872556118754525, 0.18564920273348512]
 Tipo: M
114 - Coordendas: [0.8336450438035239, 0.49087136929460573, 0.8739117382167517, 0.7781428745284166, 0.3795222519575776, 0.5330530021513787, 0.2538948393378773, 0.6577220529646122, 0.7190441708906588, 0.1608200455580865]
 Tipo: M
115 - Coordendas: [1.0364209075696424, 0.3730290456431534, 1.0855598919243468, 1.0497748570037726, 0.5182872435325603, 0.6313318990807745, 0.43135345666991237, 1.2420904616826811, 0.6698044895003619, 0.2562642369020502]
 Tipo: M
116 - Coordendas: [0.7647406240771729, 0.5908713692946057, 0.837886520564395, 0.6826092247778994, 0.552978491426306, 0.8195775474281244, 0.49415774099318405, 0.9983595031638153, 0.4634322954380883, 0.4323462414578588]
 Tipo: M
117 - Coordendas: [1.180135840141746, 0.4966804979253111, 1.2296607625337739, 1.2457101131799926, 0.35147190008920615, 0.5599452376295716, 0.4535053554040896, 1.2924771502226389, 0.6625633598841417, 0.12072892938496581]
 Tipo: M
118 - Coordendas: [0.830691997243823, 0.4551867219917012, 0.902431702191534, 0.7647559936716563, 0.5400931707800576, 0.8938979072951301, 0.41918208373904575, 1.2045933911413171, 0.7219406227371469, 0.49453302961275625]
 Tipo: M
119 - Coordendas: [0.5393247366866817, 0.5020746887966804, 0.5619933953767637, 0.4394547888523792, 0.3432451184458322, 0.41717191472716614, 0.20104673807205453, 0.6154206702601359, 0.41926140477914553, 0.2259681093394077]
 Tipo: M
120 - Coordendas: [0.690914460084654, 0.4929460580912862, 0.7140498348844191, 0.5920652306194475, 0.5073842799088116, 0.5726579307647175, 0.3147517039922103, 0.9518397000234357, 0.622737146994931, 0.35831435079726653]
 Tipo: M
121 - Coordendas: [1.3199133773009153, 0.44854771784232356, 1.352746922845992, 1.476938055251308, 0.3402715829120825, 0.47975748093096027, 0.38266796494644595, 1.3534098898523554, 0.2802317161477191, 0.10842824601366743]
 Tipo: M
122 - Coordendas: [0.7066640417363912, 0.28879668049792534, 0.7604323026118283, 0.6232201533406353, 0.5321637426900585, 0.7115196557793859, 0.41139240506329117, 1.0455823763768457, 0.7168718320057927, 0.3605922551252848]
 Tipo: M
123 - Coordendas: [1.2677428880795352, 0.3344398340248962, 1.2746922845992197, 1.406352683461117, 0.22033898305084748, 0.2897516135341287, 0.21153846153846156, 0.8222404499648465, 0.4670528602461983, 0.1097949886104783]
 Tipo: M
124 - Coordendas: [0.9832660694950289, 0.4576763485477177, 1.0420294205944163, 0.9654375076061823, 0.4855783526613144, 0.7193428515548602, 0.4515579357351509, 1.2350597609561753, 0.5821868211440984, 0.22346241457858768]
 Tipo: M
125 - Coordendas: [0.830691997243823, 0.33900414937759327, 0.8859201441008706, 0.774978702689546, 0.4112399643175736, 0.6675141795423432, 0.32960077896786755, 0.9083665338645419, 0.6017378711078928, 0.30296127562642367]
 Tipo: M
126 - Coordendas: [1.1230436066541982, 0.687966804979253, 1.2176523566496547, 1.170256784714616, 0.5846962037863019, 0.7809505182867202, 0.47151898734177217, 1.7213498945394892, 0.33816075307747995, 0.46446469248291566]
 Tipo: M
127 - Coordendas: [0.9360173245398167, 0.6145228215767634, 0.9939957970579405, 0.9236947791164658, 0.44196649816631983, 0.8000195579894387, 0.41187925998052577, 0.9308647761893601, 0.5503258508327299, 0.2965831435079726]
 Tipo: M
128 - Coordendas: [0.7686780194901072, 0.4717842323651451, 0.8243770639447614, 0.7699890470974808, 0.4905342452175638, 0.6733815763739487, 0.3704965920155794, 0.9937895476915866, 0.6647356987690077, 0.3824601366742598]
 Tipo: M
129 - Coordendas: [0.6741805295796828, 0.7398340248962655, 0.7317622335634945, 0.5943775100401606, 0.5093666369313115, 0.6851163700371602, 0.39897760467380716, 0.862901335833138, 0.8225923244026067, 0.4309794988610478]
 Tipo: M
130 - Coordendas: [0.6013387144403977, 0.2522821576763485, 0.6371960372260583, 0.5034684191310698, 0.37853107344632775, 0.5310972032075103, 0.18960564751703993, 0.5939770330442934, 0.3584359160028963, 0.3145785876993165]
 Tipo: M
131 - Coordendas: [0.8415198346293924, 0.37593360995850617, 0.912939057340138, 0.7724230254350737, 0.43701060561007044, 0.7863289653823587, 0.4741966893865628, 1.060698382938833, 0.5133960897900071, 0.34145785876993157]
 Tipo: M
132 - Coordendas: [1.0905600944974898, 0.48630705394190865, 1.1245872110477335, 1.12157721796276, 0.2839726434730896, 0.5907490709955017, 0.25803310613437197, 0.7136161237403328, 0.5691527878349022, 0.20455580865603648]
 Tipo: M
133 - Coordendas: [1.1289496997735997, 0.7008298755186722, 1.1741218853197237, 1.1775587197273945, 0.39141639409257606, 0.615685507529826, 0.46762414800389485, 1.1324115303491915, 0.5322230267921796, 0.23576309794988606]
 Tipo: M
134 - Coordendas: [1.0629983266069492, 0.3240663900414937, 1.1005703992794955, 1.0923694779116466, 0.3834869660025771, 0.5491883434382946, 0.3629503407984421, 1.0760487461917037, 0.4815351194786386, 0.34441913439635535]
 Tipo: M
135 - Coordendas: [0.7676936706368735, 0.42572614107883805, 0.8168718102671871, 0.6989168796397712, 0.5301813856675589, 0.6689810287502446, 0.46032132424537486, 1.0678462620107805, 0.5517740767559738, 0.355125284738041]
 Tipo: M
136 - Coordendas: [1.1132001181218623, 0.38174273858921154, 1.132092464725308, 1.1775587197273945, 0.19486569531172576, 0.29777038920398985, 0.22568159688412853, 0.6593625498007968, 0.5640839971035481, -0.032118451025056984]
 Tipo: M
137 - Coordendas: [1.3838960527610984, 0.4680497925311202, 1.4908435905133597, 1.6071558963125225, 0.31222123104371097, 0.8640719734011344, 0.5343232716650438, 1.2749003984063745, 0.40115858073859517, 0.22984054669703877]
 Tipo: M
138 - Coordendas: [1.0600452800472486, 0.36556016597510366, 1.097568297808466, 1.1008884020932213, 0.3591039746258301, 0.4201056131429689, 0.3249756572541383, 1.0305835481603, 0.6987690079652424, 0.19066059225512533]
 Tipo: M
139 - Coordendas: [0.8425041834826261, 0.4066390041493776, 0.9279495646952867, 0.785444809541195, 0.39736346516007537, 0.8308233913553686, 0.5443037974683544, 1.0773377079915631, 0.7125271542360608, 0.3173120728929386]
 Tipo: M
140 - Coordendas: [1.7756668963480655, 0.32157676348547715, 1.8946262383668566, 2.238773274917853, 0.5192784220438101, 1.0606297672599259, 0.8198636806231743, 2.241621748300914, 0.5713251267197682, 0.21321184510250568]
 Tipo: M
141 - Coordendas: [0.7558814843980705, 0.5414937759336099, 0.7838486940858601, 0.6788365583546306, 0.2922985429675885, 0.41179346763152747, 0.27312560856864654, 0.8768455589407077, 0.39826212889210705, 0.207744874715262]
 Tipo: M
142 - Coordendas: [1.1811201889949798, 0.47883817427385883, 1.2311618132692885, 1.25666301569916, 0.46674596094756676, 0.6870721689810287, 0.4805258033106134, 1.4987110382001407, 0.6531498913830557, 0.1854214123006834]
 Tipo: M
143 - Coordendas: [1.1929323752337826, 0.5161825726141077, 1.2311618132692885, 1.3260313983205547, 0.35484190702745566, 0.4073929200078233, 0.36002921129503407, 1.1129599250058588, 0.3005068790731354, 0.04783599088838263]
 Tipo: M
144 - Coordendas: [0.7716310660498078, 0.9896265560165975, 0.8363854698288803, 0.6991602774735305, 0.43403707007632086, 0.7066301584197144, 0.4262414800389484, 0.984180923365362, 0.66908037653874, 0.33371298405466976]
 Tipo: M
145 - Coordendas: [1.2746333300521704, 0.31701244813278007, 1.303212248574002, 1.4173055859802846, 0.3166815343443355, 0.4313514570702132, 0.37171372930866603, 1.0476915865947973, 0.29254163649529313, 0.06674259681093399]
 Tipo: M
146 - Coordendas: [1.7254651048331524, 0.6307053941908713, 1.8540978685079557, 2.0781307046367283, 0.43403707007632086, 1.208292587522003, 0.8128042843232716, 2.1619404734005156, 0.4793627805937726, 0.36378132118451034]
 Tipo: M
147 - Coordendas: [0.7962397873806474, 0.3394190871369294, 0.8348844190933653, 0.7430935864670805, 0.3428486470413323, 0.5369646000391161, 0.2423076923076923, 0.7740801499882821, 0.48877624909485873, 0.2043280182232346]
 Tipo: M
148 - Coordendas: [1.3799586573481641, 0.31286307053941903, 1.3947763434404084, 1.6740903005963246, 0.3105362275745863, 0.3238803051046352, 0.28432327166504384, 0.9919146941645185, 0.39826212889210705, -0.029840546697038693]
 Tipo: M
149 - Coordendas: [1.5157987990943989, 0.4199170124481327, 1.5628940258180726, 1.8396008275526345, 0.3063732778273368, 0.5286524545276746, 0.4079844206426485, 1.1752988047808766, 0.24475018102824034, 0.06810933940774486]
 Tipo: M
150 - Coordendas: [0.8769563933458018, 0.7622406639004148, 0.9054338036625638, 0.8369234513812828, 0.21845574387947275, 0.40543712106395463, 0.22519474196689385, 0.621279587532224, 0.3062997827661115, 0.10546697038724379]
 Tipo: M
151 - Coordendas: [1.1319027463333005, 0.25850622406638996, 1.1756229360552384, 1.200681513934526, 0.2421449102983448, 0.4846469782906317, 0.2904089581304771, 1.1327630653855167, 0.41564083997103546, -0.0020501138952163963]
 Tipo: M
152 - Coordendas: [0.5619647603110541, 0.44854771784232356, 0.6103272290603422, 0.4701229159060485, 0.4766577460600655, 0.6235087033053003, 0.35175267770204477, 0.9575814389500821, 0.6871832005792903, 0.4874715261958997]
 Tipo: M
153 - Coordendas: [1.5276109853332018, 0.7161825726141078, 1.5839087361152808, 1.8249969575270777, 0.32292595896520965, 0.7276549970663015, 0.4746835443037975, 1.4494961331146006, 0.5372918175235335, 0.2560364464692481]
 Tipo: M
154 - Coordendas: [1.220494143124323, 0.5871369294605808, 1.3017111978384868, 1.3102105391262016, 0.4508871047675687, 0.8039311558771758, 0.5557448880233691, 1.4998828216545583, 0.7834902244750179, 0.5202733485193624]
 Tipo: M
155 - Coordendas: [0.7509597401319026, 0.3136929460580912, 0.8288802161513059, 0.6607034197395643, 0.7036376251362872, 1.0220027381185215, 0.5959104186952288, 1.4553550503866886, 0.891383055756698, 0.5492027334851936]
 Tipo: M
156 - Coordendas: [0.709617088296092, 0.5319502074688797, 0.8123686580606424, 0.6262626262626263, 0.3663395777579543, 0.9931547036964601, 0.6652872444011684, 1.1379189125849543, 0.6328747284576393, 0.3902050113895216]
 Tipo: M
157 - Coordendas: [1.2313219805098925, 0.7103734439834023, 1.2867006904833382, 1.2943896799318484, 0.36217662801070477, 0.7212986504987288, 0.3994644595910419, 1.482306069838294, 0.5126719768283852, 0.19020501138952156]
 Tipo: M
158 - Coordendas: [1.1712767004626439, 0.3502074688796679, 1.2416691684178924, 1.2700498965559204, 0.4905342452175638, 0.7198318012908274, 0.6105160662122688, 1.506913522381064, 0.622737146994931, 0.2043280182232346]
 Tipo: M
159 - Coordendas: [0.9301112314204153, 0.2775933609958505, 1.021014710297208, 0.9033710599975661, 0.5559520269600555, 1.0180911402307844, 0.5425998052580331, 1.6416686196390908, 1.35626357711803, 0.5075170842824601]
 Tipo: M
160 - Coordendas: [0.9458608130721528, 0.30580912863070525, 0.9759831882317623, 0.9222343921139102, 0.3795222519575776, 0.4142382163113632, 0.3081791626095423, 0.9787907194750409, 0.46777697320782025, 0.09749430523917993]
 Tipo: M
161 - Coordendas: [1.0452800472487447, 0.3680497925311202, 1.0600420294205943, 1.0595107703541438, 0.23163841807909608, 0.3192841775865441, 0.19885589094449854, 0.6812749003984063, 0.3287472845763938, 0.05466970387243734]
 Tipo: M
162 - Coordendas: [1.0059060931194015, 0.4692946058091286, 1.1471029720804564, 1.002312279420713, 0.5995638814550501, 1.164776061020927, 0.7762901655306719, 1.4037965783923132, 0.6850108616944242, 0.4396355353075172]
 Tipo: M
163 - Coordendas: [0.5698395511369229, 0.4609958506224066, 0.6067247072951066, 0.4731653888280395, 0.3874516800475766, 0.5188734598083318, 0.25876338851022396, 0.6373330208577455, 0.40043446777697306, 0.28109339407744866]
 Tipo: M
164 - Coordendas: [0.6879614135249531, 0.4323651452282157, 0.7018913239267487, 0.625654131678228, 0.3584101496679552, 0.25728535106591044, 0.18001460564751703, 0.6162409186782283, 0.30340333091962335, 0.1678815489749431]
 Tipo: M
165 - Coordendas: [1.5571414509302095, 0.604149377593361, 1.6079255478835184, 1.9187051235244004, 0.43998414114382, 0.5325640524154117, 0.5618305744888024, 1.6522146707288492, 0.45619116582186814, 0.07312072892938491]
 Tipo: M
166 - Coordendas: [1.0078747908258685, 0.612863070539419, 1.009006304413089, 1.0082755263478154, 0.2581028843294678, 0.24882652063367888, 0.13872930866601751, 0.5558940707757207, 0.26864590876176675, 0.07403189066059232]
 Tipo: M
167 - Coordendas: [0.40053154838074606, 0.34979253112033193, 0.4055839087361153, 0.31726907630522094, 0.36842105263157904, 0.1944064150205359, 0.06536027263875364, 0.4118818842277947, 0.32729905865314973, 0.25102505694760807]
 Tipo: M
168 - Coordendas: [1.2372280736292942, 0.5526970954356846, 1.2671870309216453, 1.3308993549957404, 0.28020616513034, 0.5472325444944259, 0.3566212268743914, 1.0174595734708227, 0.6719768283852279, 0.10569476082004552]
 Tipo: M
169 - Coordendas: [0.8631755094005316, 0.4315352697095435, 0.9204443110177123, 0.8062553243276135, 0.35484190702745566, 0.6660473303344416, 0.4364654333008763, 1.0389032106866651, 0.45401882693700213, 0.25922551252847365]
 Tipo: M
