0 - Coordendas: [0.6126598583126323, 0.28099999999999997, 0.6131902273690156, 0.504713646005185, 0.21865125936625443, 0.18532375536266588, 0.045204479065238556, 0.20189828919615654, 0.17409387997623296, 0.16670579948344688]
 Tipo: B
1 - Coordendas: [0.3329653141963381, 0.4114999999999999, 0.35997740432142356, 0.23909969361300962, 0.3994763925250519, 0.45525291828793774, 0.15547711781888995, 0.30958518865713613, 0.5121806298276887, 0.2930265320497769]
 Tipo: B
2 - Coordendas: [0.3734474192658017, 0.3054999999999999, 0.3831379748623076, 0.27068112184774923, 0.4971562697481268, 0.2723735408560311, 0.07414800389483935, 0.29060229669557064, 0.3885918003565062, 0.2575722000469594]
 Tipo: B
3 - Coordendas: [0.8757935412641457, 0.37849999999999995, 0.8870216071176387, 0.8185246288003771, 0.39929583822334574, 0.3054973560810137, 0.14269717624148004, 0.566557300210921, 0.2584670231729055, 0.08217891523831894]
 Tipo: B
4 - Coordendas: [0.5694176097157051, 0.3749999999999999, 0.5718118909758508, 0.46405844921046424, 0.19888056332942136, 0.1820812132096179, 0.11828140214216164, 0.33630185141785796, 0.23410576351752824, 0.07184785160835878]
 Tipo: B
5 - Coordendas: [0.4553316772472168, 0.5405, 0.4623640728710634, 0.34774923403252417, 0.4066985645933015, 0.2746183777312182, 0.08101265822784809, 0.23529411764705882, 0.3731431966726085, 0.2232918525475465]
 Tipo: B
6 - Coordendas: [0.9070751679087311, 0.437, 0.9124417455161702, 0.8681357530049494, 0.19698474316150585, 0.2433902025341714, 0.125365141187926, 0.3247011952191235, 0.4658348187759953, 0.005869922517022781]
 Tipo: B
7 - Coordendas: [0.5114545956389731, 0.3675, 0.5031775172998164, 0.41055856705161436, 0.19617224880382772, 0.015264890751272076, 0.0029065238558909443, 0.06385048043121631, 0.2780748663101604, -0.013618220239492773]
 Tipo: B
8 - Coordendas: [0.3900082804305824, 1.1545, 0.3813020759779693, 0.28670751826537827, 0.22722758869730067, 0.061358874588446584, 0.012091041869522883, 0.0753925474572299, 0.46642899584076053, 0.13735618689833298]
 Tipo: B
9 - Coordendas: [0.5114545956389731, 0.27999999999999997, 0.5290213246716565, 0.3921753476313929, 0.5702807619391533, 0.4243240546742492, 0.14430379746835442, 0.3842277947035388, 0.5246583481877599, 0.32143695703216724]
 Tipo: B
10 - Coordendas: [0.6641825374919494, 0.49050000000000005, 0.6866261827425504, 0.5596276219655903, 0.3311365893292408, 0.43579766536964976, 0.12324732229795521, 0.3583313803609093, 0.26500297088532393, 0.17985442592157785]
 Tipo: B
11 - Coordendas: [0.3982887110129727, 0.4159999999999999, 0.39556559807936725, 0.2953099222248409, 0.25963708585357054, 0.11757956699590943, 0.09028724440116845, 0.26130771033513006, 0.27094474153297693, 0.0995538858887063]
 Tipo: B
12 - Coordendas: [0.5068543564265341, 0.30650000000000005, 0.4999293885044485, 0.39842092858826306, 0.2932201859709308, 0.07432904320063853, 0.010888510223953263, 0.07526365127724396, 0.09209744503862151, 0.10096266729279187]
 Tipo: B
13 - Coordendas: [0.39552856748550913, 0.1335, 0.4125123570117215, 0.2843506952627858, 0.5756973909903403, 0.4497655392597027, 0.11282862706913341, 0.5619873447386923, 0.42245989304812837, 0.19464663066447538]
 Tipo: B
14 - Coordendas: [0.35320636673107, 0.6745, 0.3544697076684084, 0.25701154843271273, 0.2644217748487859, 0.2124114536565898, 0.037682570593963, 0.0956175298804781, 0.5442661913250149, 0.2547546372387886]
 Tipo: B
15 - Coordendas: [0.4093292851228263, 0.23349999999999999, 0.41335969495833924, 0.30202686778222954, 0.39505281213324916, 0.22672852439389407, 0.0852726387536514, 0.3368877431450668, 0.40047534165181226, 0.14604367222352674]
 Tipo: B
16 - Coordendas: [0.5040942128990707, 0.10549999999999997, 0.49484536082474223, 0.39335375913268916, 0.1903945111492281, 0.08475506335428515, 0.017461051606621227, 0.13463791891258495, 0.3285799168152109, 0.18079361352430162]
 Tipo: B
17 - Coordendas: [0.4682123470420462, 0.13599999999999995, 0.48072306171444706, 0.3555267499410794, 0.5179200144443442, 0.33248528384715154, 0.09203992210321325, 0.3278650105460511, 0.35472370766488404, 0.32049776942944364]
 Tipo: B
18 - Coordendas: [0.2572453767595914, 0.3134999999999999, 0.26422821635362237, 0.17287296724016024, 0.46104540940687916, 0.3023046991918587, 0.1055014605647517, 0.2083430981954535, 0.3113487819370173, 0.4277999530406201]
 Tipo: B
19 - Coordendas: [0.5675775140307295, 0.23099999999999996, 0.5863578590594549, 0.46594390761253823, 0.37203213866570384, 0.306993913997805, 0.22621713729308665, 0.4081321771736583, 0.45276292335115864, 0.2263442122563983]
 Tipo: B
20 - Coordendas: [0.33848560125126503, 0.22149999999999997, 0.3346984889139951, 0.24287061041715768, 0.31858806536065726, 0.09767534670258407, 0.0, 0.0, 0.5157456922162804, 0.17187133129842688]
 Tipo: B
21 - Coordendas: [0.4893734474192658, 0.259, 0.49484536082474223, 0.37732736271506007, 0.25431073395323645, 0.24488676045096275, 0.09357351509250245, 0.19381298336067493, 0.3606654783125371, 0.054238084057290435]
 Tipo: B
22 - Coordendas: [0.14628760695556164, 0.11899999999999995, 0.15167349244457, 0.09168041480084847, 0.460142637898348, 0.2637932754664272, 0.06243914313534567, 0.17693930161706117, 0.3672014260249555, 0.4421225639821556]
 Tipo: B
23 - Coordendas: [0.6319808630048761, 0.44400000000000006, 0.6339500070611497, 0.5292246052321471, 0.30883813306852037, 0.1988426618776813, 0.03266796494644596, 0.2686899460979611, 0.29411764705882354, 0.10096266729279187]
 Tipo: B
24 - Coordendas: [0.39368847180053357, 0.462, 0.422680412371134, 0.2953099222248409, 0.24889410490204925, 0.47221390801157337, 0.22575462512171374, 0.6547925943285681, 0.9120617944147357, 0.23244893167410208]
 Tipo: B
25 - Coordendas: [0.5362958873861441, 0.11699999999999999, 0.5295862166360684, 0.4304737214235211, 0.3138033763654419, 0.0713359273670558, 0.022378286270691335, 0.15584719943754394, 0.24123588829471188, 0.20896924160601094]
 Tipo: B
26 - Coordendas: [0.30076363970926484, 0.27299999999999996, 0.3209998587770088, 0.21293895828423284, 0.48271192561162773, 0.4372942232864412, 0.16372930866601754, 0.46461213967658777, 0.40582293523470003, 0.4780464897863348]
 Tipo: B
27 - Coordendas: [0.43141043334253376, 0.46499999999999997, 0.44372263804547374, 0.32135281640348806, 0.44208720772772414, 0.354634341015664, 0.10223953261927946, 0.25275369111788143, 0.4747474747474748, 0.28598262502934974]
 Tipo: B
28 - Coordendas: [0.531695648173705, 0.13249999999999992, 0.5437085157463636, 0.42493518736742875, 0.31876861966236353, 0.2795570188566297, 0.09863680623174294, 0.2985704241856105, 0.3214497920380273, 0.21061281991077732]
 Tipo: B
29 - Coordendas: [0.3587266537859969, 0.24499999999999994, 0.375935602316057, 0.2538298373792128, 0.4339622641509434, 0.41634241245136183, 0.12451314508276534, 0.18408718068900864, 0.47593582887700525, 0.37426625968537225]
 Tipo: B
30 - Coordendas: [0.33756555340877725, 0.7249999999999999, 0.34204208445134876, 0.23980674051378742, 0.39667780084860527, 0.2439389404369949, 0.05791139240506329, 0.18924302788844624, 0.4973262032085562, 0.2549894341394694]
 Tipo: B
31 - Coordendas: [0.6255405281074614, 0.25349999999999995, 0.6295720943369582, 0.5213292481734622, 0.3208449941319852, 0.21819814426818318, 0.025681596884128532, 0.11644012186547925, 0.20499108734402863, 0.14205212491195118]
 Tipo: B
32 - Coordendas: [0.5427362222835588, 0.9100000000000001, 0.5466741985595255, 0.4369549846806504, 0.25819265143992054, 0.17360071834780005, 0.15080331061343719, 0.2745488633700492, 0.30065359477124176, 0.10918055881662367]
 Tipo: B
33 - Coordendas: [0.8031097617076087, 0.16049999999999995, 0.822059031210281, 0.7284939901013434, 0.379073756432247, 0.35508330839070135, 0.1736854917234664, 0.6952191235059761, 0.4491978609625669, 0.11270251232683742]
 Tipo: B
34 - Coordendas: [0.43509062471248505, 0.23649999999999993, 0.4411806242056207, 0.32618430355880274, 0.5630585898709038, 0.24628354783996806, 0.09751703992210321, 0.3808296226857277, 0.5638740344622697, 0.29654848555999086]
 Tipo: B
35 - Coordendas: [0.24795289355046463, 0.121, 0.2871063409123006, 0.15201508366721658, 0.6578495982666788, 0.9825401576374341, 0.2891918208373905, 0.8247011952191234, 0.5923945335710041, 1.0171401737497068]
 Tipo: B
36 - Coordendas: [0.5418161744410708, 0.44099999999999995, 0.5490749894082757, 0.4309450860240396, 0.3496434052541302, 0.2763144767035817, 0.04374391431353457, 0.24490274197328332, 0.47593582887700525, 0.2592157783517258]
 Tipo: B
37 - Coordendas: [0.6347410065323397, 0.27199999999999996, 0.6295720943369582, 0.5339382512373321, 0.15915861695404895, 0.12406465130200539, 0.0497809152872444, 0.09968361846730725, 0.3250148544266192, 0.054238084057290435]
 Tipo: B
38 - Coordendas: [0.5399760787560952, 0.5325, 0.5485100974438638, 0.43719066698090975, 0.2065541211519364, 0.2979147959692707, 0.1491236611489776, 0.21877197093977033, 0.30897207367795604, 0.20450810049307358]
 Tipo: B
39 - Coordendas: [0.5418161744410708, 0.2745, 0.54497952266629, 0.4344803205279284, 0.37573350185068166, 0.19330539758555326, 0.0949367088607595, 0.18924302788844624, 0.5644682115270351, 0.12350316975815923]
 Tipo: B
40 - Coordendas: [0.377127610635753, 0.1995, 0.37311114249399796, 0.2700919160971011, 0.4330594926424122, 0.16956001197246337, 0.057521908471275564, 0.30267166627607217, 0.30065359477124176, 0.33482038037097916]
 Tipo: B
41 - Coordendas: [0.5519367007084368, 0.43150000000000005, 0.5752012427623217, 0.4366014612302616, 0.389636183082062, 0.4442781602314676, 0.17300389483933787, 0.34567611905319895, 0.41651812240047537, 0.3045315801831417]
 Tipo: B
42 - Coordendas: [0.42497009844511907, 0.38199999999999995, 0.42493998022878116, 0.3172283761489512, 0.29294935451837145, 0.1751471615284845, 0.08196202531645569, 0.20822591985001174, 0.27094474153297693, 0.14463489081944134]
 Tipo: B
43 - Coordendas: [0.3927684239580458, 0.20299999999999993, 0.3896342324530433, 0.29047843506952625, 0.27471337004604135, 0.10545744786989925, 0.002370253164556962, 0.03446215139442231, 0.42364824717765903, 0.19675980277060356]
 Tipo: B
44 - Coordendas: [0.23792437206734748, 0.25949999999999995, 0.2318881513910465, 0.16038180532642002, 0.2889771598808342, 0.08695001496557915, 0.040214216163583255, 0.19533630185141787, 0.29174093879976226, 0.27236440478985696]
 Tipo: B
45 - Coordendas: [0.5491765571809732, 0.26499999999999996, 0.5557124699901144, 0.43624793777987275, 0.4321567211338811, 0.27930759253716453, 0.14982960077896787, 0.39489102413873917, 0.398098633392751, 0.2880957971354777]
 Tipo: B
46 - Coordendas: [0.1554880853804397, 0.18649999999999994, 0.15012003954243755, 0.09863304265849633, 0.3498239595558365, 0.09637832984136487, 0.0, 0.0, 0.3933452168746286, 0.3477342099084292]
 Tipo: B
47 - Coordendas: [0.17545312356242523, 0.196, 0.21183448665442733, 0.11843035588027338, 0.40805272185609825, 0.6468123316372345, 0.20949367088607596, 0.3365362081087415, 0.5002970885323827, 0.8774360178445647]
 Tipo: B
48 - Coordendas: [0.5666574661882418, 0.5009999999999999, 0.5958197994633527, 0.46358708460994574, 0.30802563871084226, 0.42631946522997105, 0.26411879259980525, 0.4112959925005859, 0.29827688651218065, 0.18243719182906784]
 Tipo: B
49 - Coordendas: [0.5353758395436563, 0.337, 0.5544414630701878, 0.42988451567287295, 0.25106075652252413, 0.3267983637633443, 0.17989289191820837, 0.4784391844387157, 0.3054070112893643, 0.11904202864522201]
 Tipo: B
50 - Coordendas: [0.3670070843683872, 0.32399999999999995, 0.3945770371416467, 0.2686778222955456, 0.32969215491559084, 0.4382919285643021, 0.23020934761441092, 0.42336536208108744, 0.25490196078431376, 0.3280112702512328]
 Tipo: B
51 - Coordendas: [0.4525715337197534, 0.19649999999999998, 0.4846773054653297, 0.3409144473250059, 0.564864132887966, 0.5295819614885763, 0.09031158714703019, 0.3518865713616124, 0.5555555555555556, 0.6095327541676452]
 Tipo: B
52 - Coordendas: [0.6559021069095592, 0.10800000000000001, 0.653015110860048, 0.5573886401131275, 0.36526135235171986, 0.14776015165120227, 0.0429649464459591, 0.32024841809233656, 0.18597742127153896, 0.10730218361117645]
 Tipo: B
53 - Coordendas: [0.3660870365258994, 0.34500000000000003, 0.3813020759779693, 0.2617251944378977, 0.3993861153741988, 0.3695500349196847, 0.12811587147030185, 0.32669322709163345, 0.33214497920380265, 0.27353838929326135]
 Tipo: B
54 - Coordendas: [0.3302051706688748, 0.38, 0.32523654851009737, 0.23261843035588023, 0.2599079173061299, 0.10565698892547142, 0.04851509250243428, 0.130185141785798, 0.7795603089720735, 0.12326837285747841]
 Tipo: B
55 - Coordendas: [0.42497009844511907, 0.10599999999999996, 0.43143623781951707, 0.3171105349988216, 0.3358310011736029, 0.25845555222987127, 0.10214216163583252, 0.3925474572299039, 0.3327391562685681, 0.31439305001174]
 Tipo: B
56 - Coordendas: [0.39460851964302135, 0.11200000000000002, 0.4147719248693687, 0.28611831251473013, 0.6415997111131173, 0.4372942232864412, 0.19230769230769232, 0.6503398172017811, 0.5692216280451575, 0.39234562103780224]
 Tipo: B
57 - Coordendas: [0.43877081608243623, 0.473, 0.4562914842536364, 0.3255950978081546, 0.5079895278505011, 0.45225980245435493, 0.16657740993184034, 0.43801265526130767, 0.554367201426025, 0.28410424982390253]
 Tipo: B
58 - Coordendas: [0.61357990615512, 0.12199999999999997, 0.6226521677729133, 0.5012962526514259, 0.395684752189221, 0.3176194752070239, 0.0946445959104187, 0.3003280993672369, 0.1782531194295901, 0.258511387649683]
 Tipo: B
59 - Coordendas: [0.7193854080412181, 0.347, 0.7356305606552747, 0.626090030638699, 0.35352532274081433, 0.3265489374438791, 0.09905063291139239, 0.2648230606983829, 0.4949494949494949, 0.15097440713782592]
 Tipo: B
60 - Coordendas: [0.5684975618732173, 0.49099999999999994, 0.568704985171586, 0.46570822531227907, 0.18705425656766272, 0.14621370847051782, 0.043816942551119765, 0.14717600187485352, 0.387997623291741, 0.15144400093918772]
 Tipo: B
61 - Coordendas: [0.3016836875517526, 0.29299999999999987, 0.31153791837311107, 0.2089323591798256, 0.32626162318317237, 0.28544347999600916, 0.1060856864654333, 0.28568080618701663, 0.3618538324420677, 0.3453862409016203]
 Tipo: B
62 - Coordendas: [0.5436562701260466, 0.24899999999999994, 0.5689874311537918, 0.4396653311336319, 0.23065812042971925, 0.3609697695300808, 0.27142161635832524, 0.3972345910475744, 0.2210338680926916, 0.16247945527119048]
 Tipo: B
63 - Coordendas: [0.3513662710460944, -0.05049999999999999, 0.35277503177517294, 0.2522979024275277, 0.39099034034485874, 0.16921081512521205, 0.06161148977604674, 0.19896883056011247, 0.19073083778966132, 0.27166001408781415]
 Tipo: B
64 - Coordendas: [0.762627656638145, 0.10949999999999997, 0.7679706256178506, 0.685835493754419, 0.26351900334025463, 0.19385413548837677, 0.14342745861733203, 0.3699320365596438, 0.17765894236482468, 0.0664475228926978]
 Tipo: B
65 - Coordendas: [0.6080596191001931, 0.5559999999999999, 0.6124841124135009, 0.4919868017911855, 0.24311636724744973, 0.295071335927367, 0.09912366114897761, 0.250996015936255, 0.3416518122400476, 0.14463489081944134]
 Tipo: B
66 - Coordendas: [0.6917839727665838, 0.008499999999999997, 0.7130348820788024, 0.5859061984444969, 0.5188227859528755, 0.43130799161927563, 0.215238558909445, 0.677056479962503, 0.47296494355317875, 0.2721296078891758]
 Tipo: B
67 - Coordendas: [0.43785076823994845, 0.19849999999999995, 0.4592571670667985, 0.33290124911619134, 0.2560259998194458, 0.3650104759054175, 0.16372930866601754, 0.3092336536208109, 0.26084373143196676, 0.3557173045315803]
 Tipo: B
68 - Coordendas: [0.43509062471248505, 0.29750000000000004, 0.4368027114814292, 0.3300730615130804, 0.4736842105263158, 0.18711962486281553, 0.08743914313534566, 0.30466369814858213, 0.16577540106951869, 0.16482742427799968]
 Tipo: B
69 - Coordendas: [0.4654522035145826, 0.8710000000000001, 0.4668832085863578, 0.36106528399717175, 0.3149769793265325, 0.18238052479297615, 0.05761927945472249, 0.2785329271150691, 0.4717765894236483, 0.10683258980981465]
 Tipo: B
70 - Coordendas: [0.40104885454043604, 0.39449999999999996, 0.40912300522525075, 0.29189252887108175, 0.4718786675092534, 0.30704379926169806, 0.10472249269717625, 0.3039606280759316, 0.5151515151515152, 0.2272833998591219]
 Tipo: B
71 - Coordendas: [0.7368663170484865, 0.5694999999999999, 0.7589323541872617, 0.6483620080131982, 0.2935812945743433, 0.39439289633842156, 0.16696689386562805, 0.45418326693227096, 0.5252525252525252, 0.1573139234562105]
 Tipo: B
72 - Coordendas: [0.3614867973134603, 0.08149999999999995, 0.3580002824459822, 0.2594862125854348, 0.2938521260269027, 0.11857727227377034, 0.030087633885102237, 0.16041715490977268, 0.23113487819370174, 0.18501995773655802]
 Tipo: B
73 - Coordendas: [0.24721685527647427, 0.36900000000000005, 0.24389210563479738, 0.1682771623851049, 0.27516475580030697, 0.15384615384615385, 0.03600292112950341, 0.06760018748535271, 0.3683897801544861, 0.27447757689598495]
 Tipo: B
74 - Coordendas: [0.14867973134602994, 0.394, 0.14545968083604016, 0.09156257365071882, 0.4944479552225332, 0.17474807941734014, 0.0, 0.0, 0.6553773024361259, 0.4968302418408079]
 Tipo: B
75 - Coordendas: [0.17453307571993742, 0.2385, 0.1828837734783223, 0.11489512137638463, 0.27353976708495087, 0.26708570288336825, 0.11492210321324246, 0.2790016404968362, 0.5169340463458111, 0.32355012913829556]
 Tipo: B
76 - Coordendas: [0.415769620020241, 0.38649999999999995, 0.41646660076260417, 0.31098279519208105, 0.3685113297824322, 0.18193155741793876, 0.06421616358325219, 0.24244199671900632, 0.4598930481283423, 0.16224465837050953]
 Tipo: B
77 - Coordendas: [0.5335357438586805, 0.28849999999999987, 0.530716000564892, 0.4230497289653547, 0.4123860250970479, 0.1441684126509029, 0.0889240506329114, 0.3355987813452074, 0.31491384432560904, 0.09626672927917351]
 Tipo: B
78 - Coordendas: [0.493053638789217, 0.07749999999999994, 0.4963988137268747, 0.3829837379212821, 0.33763654419066536, 0.19769530080814127, 0.07200584225900682, 0.310171080384345, 0.3737373737373737, 0.13266024888471478]
 Tipo: B
79 - Coordendas: [0.7331861256785351, 0.40249999999999997, 0.7633102669114532, 0.643412679707754, 0.2595468087027173, 0.4652299710665469, 0.2203018500486855, 0.4173892664635575, 0.40641711229946526, 0.2934961258511389]
 Tipo: B
80 - Coordendas: [0.734106173521023, 0.41900000000000004, 0.7518712046321141, 0.6408201744049021, 0.3366434955312811, 0.37309188865609094, 0.14459591041869524, 0.5646824466838528, 0.4866310160427808, 0.14299131251467495]
 Tipo: B
81 - Coordendas: [0.7350262213635109, 0.45200000000000007, 0.7302640869933625, 0.6442375677586614, 0.28509524239415, 0.15005487379028234, 0.04739532619279455, 0.22720881181157723, 0.2703505644682115, 0.005400328715660978]
 Tipo: B
82 - Coordendas: [0.42865028981507036, 0.3804999999999999, 0.443157746081062, 0.31699269384869194, 0.5558364178026541, 0.39040207522697795, 0.17210321324245376, 0.4083665338645418, 0.4402852049910874, 0.2998356421695233]
 Tipo: B
83 - Coordendas: [0.3016836875517526, 0.1995, 0.3164807230617145, 0.2098750883808626, 0.4169901597905571, 0.33996807343110846, 0.0871713729308666, 0.23869228966486994, 0.3404634581105169, 0.41371213899976533]
 Tipo: B
84 - Coordendas: [0.6660226331769252, 0.8565000000000002, 0.6886033046179918, 0.5661088852227197, 0.26722036652523246, 0.4013768332834481, 0.26850048685491723, 0.5165221467072885, 0.1675579322638147, 0.20803005400328717]
 Tipo: B
85 - Coordendas: [0.6476216763271689, 0.24699999999999997, 0.6468012992515182, 0.545604525100165, 0.24401913875598083, 0.16147859922178986, 0.050803310613437194, 0.3107569721115538, 0.3143196672608438, 0.08053533693355254]
 Tipo: B
86 - Coordendas: [0.6338209586898518, 0.2745, 0.6316904392035023, 0.530520857883573, 0.31416448496885435, 0.15703881073530876, 0.03656280428432327, 0.24466838528239981, 0.21628045157456924, 0.15027001643578314]
 Tipo: B
87 - Coordendas: [0.43877081608243623, 0.3419999999999999, 0.4533258014404745, 0.32924817346217294, 0.49354518371400213, 0.3676045096278559, 0.1285783836416748, 0.5202718537614249, 0.3196672608437314, 0.33669875557642637]
 Tipo: B
88 - Coordendas: [0.6006992363602907, 0.4085, 0.6257590735771783, 0.48856940843742636, 0.4809063825945653, 0.45525291828793774, 0.2088607594936709, 0.6305366768221232, 0.4432560903149139, 0.1962902089692416]
 Tipo: B
89 - Coordendas: [0.5537767963934124, 0.503, 0.5609377206609236, 0.4429648833372613, 0.5495170172429359, 0.2616482091190262, 0.07633885102239532, 0.3099367236934615, 0.8793820558526442, 0.198168584174689]
 Tipo: B
90 - Coordendas: [0.478332873309412, 0.48999999999999994, 0.47210845925716705, 0.3714353052085788, 0.24826216484607755, 0.08450563703481992, 0.05800876338851022, 0.20740567143191938, 0.40344622697563876, 0.10190185489551547]
 Tipo: B
91 - Coordendas: [0.6246204802649736, 0.12749999999999995, 0.6251941816127666, 0.5175583313693142, 0.3552405886070237, 0.19340516811333933, 0.025876338851022397, 0.22463088821185845, 0.3161021984551397, 0.15707912655552952]
 Tipo: B
92 - Coordendas: [0.5546968442359002, 0.575, 0.539754271995481, 0.4512137638463351, 0.0891938250428816, -0.02025341714057666, 0.0038826679649464463, 0.021701429575814387, 0.1990493166963756, -0.0021131721061281947]
 Tipo: B
93 - Coordendas: [0.41944981139019216, 0.18599999999999994, 0.4358141505437086, 0.3056799434362479, 0.42619842917757517, 0.4417838970368153, 0.16399707887049658, 0.3039606280759316, 0.45038621509209736, 0.3613524301479223]
 Tipo: B
94 - Coordendas: [0.5188149783788756, 0.3214999999999999, 0.5201242762321706, 0.41173697855291064, 0.2997201408323554, 0.15394592437393995, 0.07220058422590069, 0.2662292008436841, 0.43909685086155675, 0.13688659309697118]
 Tipo: B
95 - Coordendas: [0.6218603367375103, 0.3595, 0.6260415195593844, 0.5202686778222956, 0.24203304143721222, 0.20113738401676143, 0.07013145082765336, 0.15573002109210218, 0.24539512774806885, 0.07912655552946714]
 Tipo: B
96 - Coordendas: [0.4341705768699971, 0.41949999999999993, 0.43129501482841404, 0.3242988451567287, 0.32057416267942584, 0.1451162326648708, 0.03853456669912366, 0.1345207405671432, 0.5204991087344029, 0.20779525710260635]
 Tipo: B
97 - Coordendas: [0.4562517250897046, 0.502, 0.48128795367885896, 0.35057742163563516, 0.301706238151124, 0.38740895939339515, 0.16002921129503409, 0.4442231075697211, 0.3137254901960784, 0.3575956797370275]
 Tipo: B
98 - Coordendas: [0.32468488361394787, 0.47350000000000003, 0.3509391328908346, 0.22472307329719537, 0.5377809876320303, 0.5330739299610895, 0.15764362220058423, 0.35950316381532693, 0.5121806298276887, 0.5961493308288331]
 Tipo: B
99 - Coordendas: [0.5960989971478516, 0.8745, 0.5945487925434261, 0.4932830544426114, 0.2034846980229304, 0.11882669859323558, 0.030939629990262903, 0.13088821185844854, 0.21449792038027335, 0.12209438835407381]
 Tipo: B
100 - Coordendas: [0.619100193210047, 0.39799999999999996, 0.6346561220166643, 0.503770916804148, 0.4200595829195631, 0.4168412650902923, 0.1310856864654333, 0.4432856808061871, 0.3885918003565062, 0.3756750410894578]
 Tipo: B
101 - Coordendas: [0.5730978010856564, 0.8669999999999998, 0.5802852704420279, 0.46535470186189015, 0.3076645301074298, 0.22612990122717747, 0.07271178188899709, 0.3837590813217718, 0.3374925727866904, 0.1263207325663302]
 Tipo: B
102 - Coordendas: [0.5013340693716072, 0.31399999999999995, 0.4915972320293743, 0.39335375913268916, 0.20709578405705514, 0.055372642921281065, 0.03266796494644596, 0.19908600890555428, 0.24480095068330363, 0.07466541441652977]
 Tipo: B
103 - Coordendas: [0.7258257429386327, 0.47450000000000003, 0.7390199124417456, 0.6332783407966062, 0.3903584002888869, 0.299361468622169, 0.16611489776046737, 0.5801499882821655, 0.25371360665478315, 0.11857243484386021]
 Tipo: B
104 - Coordendas: [0.6365811022173152, 0.4259999999999999, 0.6346561220166643, 0.5413622436954985, 0.24627606752730882, 0.14875785692906318, 0.07290652385589094, 0.2425591750644481, 0.3083778966131908, 0.08241371213899976]
 Tipo: B
105 - Coordendas: [0.44337105529487536, 0.32700000000000007, 0.4444287530009886, 0.33985387697383923, 0.34521982486232744, 0.1939539060161628, 0.06944985394352483, 0.19193812983360672, 0.4676173499702912, 0.18220239492838702]
 Tipo: B
106 - Coordendas: [0.18115742018584957, 0.25199999999999995, 0.2111283716989126, 0.11984444968182888, 0.379073756432247, 0.5031427716252619, 0.22548685491723466, 0.27044762127958755, 0.14557338086749855, 0.45081004930734925]
 Tipo: B
107 - Coordendas: [0.6945441162940471, 0.16299999999999998, 0.7071035164524785, 0.5900306386990337, 0.517017242935813, 0.34410855033423127, 0.16784323271665044, 0.7610733536442464, 0.3505644682115271, 0.20615167879783997]
 Tipo: B
108 - Coordendas: [0.5326156960161927, 0.5345, 0.5398954949865837, 0.4288239453217063, 0.3147061478739731, 0.2123615683926968, 0.07575462512171373, 0.3355987813452074, 0.3767082590612002, 0.24512796431087108]
 Tipo: B
109 - Coordendas: [0.854632440886926, 0.4995, 0.8912582968507273, 0.7897713881687486, 0.5802112485329963, 0.5410555721839768, 0.35978578383641674, 0.9946097961096789, 0.5276292335115864, 0.24277999530406222]
 Tipo: M
110 - Coordendas: [1.0368019136995121, 0.46299999999999997, 1.0706114955514758, 1.0564459109120905, 0.3791640335831002, 0.4268183178689015, 0.2743427458617332, 0.8671197562690415, 0.43612596553773025, 0.11716365343977464]
 Tipo: M
111 - Coordendas: [0.6687827767043886, 0.5714999999999999, 0.743256602174834, 0.5917982559509781, 0.4718786675092534, 0.8847650404070638, 0.5197176241480039, 1.0139442231075697, 0.5282234105763517, 0.4810988494951867]
 Tipo: M
112 - Coordendas: [0.8316312448247307, 0.6259999999999999, 0.8319446405874876, 0.771034645298138, 0.26568565496072943, 0.2157537663374239, 0.08030671859785783, 0.38938364190297636, 0.2780748663101604, 0.10659779290913367]
 Tipo: M
113 - Coordendas: [0.3651669886834114, 0.5315000000000001, 0.39697782799039694, 0.2682064576950271, 0.6325719960278054, 0.49067145565200043, 0.25413826679649465, 0.6642840403093508, 0.4961378490790256, 0.38201455740784224]
 Tipo: M
114 - Coordendas: [1.2484129174717085, 0.5069999999999999, 1.3276373393588479, 1.3722601932594862, 0.4691703529836599, 0.7505736805347701, 0.5075462512171373, 1.5490977267400985, 0.6339869281045751, 0.23667527588635828]
 Tipo: M
115 - Coordendas: [0.6660226331769252, 0.62, 0.714305888998729, 0.5496111242045721, 0.4953507267310644, 1.0868003591739, 0.48222979552093476, 0.7754862901335834, 0.7866904337492574, 0.5397980746654145]
 Tipo: M
116 - Coordendas: [0.7423866041034134, 0.4175, 0.755119333427482, 0.6580249823238274, 0.3567753001715266, 0.3119325551232166, 0.18222979552093474, 0.5079681274900398, 0.29768270944741526, 0.1577835172575723]
 Tipo: M
117 - Coordendas: [1.2244916735670253, 0.18099999999999997, 1.2895071317610507, 1.3592976667452275, 0.43035117811681867, 0.5455452459343509, 0.4819863680623174, 1.2221701429575815, 0.44503862150920975, 0.15027001643578314]
 Tipo: M
118 - Coordendas: [1.0699236360290734, 0.4765, 1.1059172433272138, 1.1200801319820881, 0.3770876591134784, 0.41484585453457046, 0.36270691333982474, 0.9059057886102648, 0.3784907902554961, 0.10706738671049547]
 Tipo: M
119 - Coordendas: [0.7718281350630231, 0.6020000000000001, 0.7966388928117498, 0.689017204807919, 0.35542114290872984, 0.39988027536665666, 0.27312560856864654, 0.8768455589407077, 0.3903743315508021, 0.20051655318149816]
 Tipo: M
120 - Coordendas: [1.2410525347318058, 0.49750000000000005, 1.2838582121169326, 1.36165448974782, 0.3514489482711926, 0.5380624563503941, 0.37074001947419666, 1.1893602062338882, 0.6571598336304217, 0.04132425451984045]
 Tipo: M
121 - Coordendas: [0.6421013892722421, 0.3165, 0.6727863296144613, 0.5407730379448503, 0.5143089284102195, 0.5211014666267585, 0.23829113924050635, 0.6147176001874853, 0.5038621509209744, 0.20826485090396815]
 Tipo: M
122 - Coordendas: [1.125126506578342, 0.39249999999999996, 1.1539330603022173, 1.1884279990572708, 0.47548975354337825, 0.515115234959593, 0.3220545277507303, 1.0539020389032108, 0.5092097445038622, 0.16858417468889425]
 Tipo: M
123 - Coordendas: [0.8518722973594625, 0.40249999999999997, 0.9180906651602879, 0.7796370492576008, 0.4872257831542837, 0.7820013967873891, 0.4741966893865628, 1.060698382938833, 0.4848484848484848, 0.3383423338811928]
 Tipo: M
124 - Coordendas: [0.7801085656454135, 0.438, 0.8178223414771925, 0.7134103228847513, 0.5106978423760947, 0.4931657188466527, 0.3568646543330088, 0.9476212795875322, 0.5175282234105764, 0.1298426860765438]
 Tipo: M
125 - Coordendas: [0.8619928236268286, 0.6285, 0.9209151249823472, 0.8212349752533584, 0.40435135867112043, 0.6298513419135988, 0.4408471275559883, 1.0280056245605813, 0.6625074272133096, 0.2289269781638883]
 Tipo: M
126 - Coordendas: [0.7009844511914618, 0.6285, 0.7086569693546109, 0.614188074475607, 0.3086575787668141, 0.2141075526289534, 0.20423563777994158, 0.6176470588235294, 0.3368983957219252, 0.04061986381779766]
 Tipo: M
127 - Coordendas: [1.0588830619192195, 0.33999999999999997, 1.0946194040389774, 1.0894414329483855, 0.4384761216935994, 0.540057866906116, 0.3629503407984421, 1.0760487461917037, 0.45870469399881164, 0.34139469359004476]
 Tipo: M
128 - Coordendas: [1.250253013156684, 0.3524999999999999, 1.2584380737184016, 1.3934716002828187, 0.28987993138936535, 0.2753666566896139, 0.21153846153846156, 0.8222404499648465, 0.44682115270350564, 0.0995538858887063]
 Tipo: M
129 - Coordendas: [0.5638973226607782, 0.242, 0.6131902273690156, 0.4556917275512609, 0.7869459239866391, 0.763543849146962, 0.5041382667964946, 1.1250292945863605, 0.5139631610219846, 0.5750176097675512]
 Tipo: M
130 - Coordendas: [0.6706228723893641, 0.5915, 0.7058325095325518, 0.5730615130803676, 0.4619481809154104, 0.45874488676045094, 0.3561343719571568, 0.7193578626669791, 0.5145573380867499, 0.17351490960319327]
 Tipo: M
131 - Coordendas: [0.7653878001656086, 0.7274999999999999, 0.8277079508543992, 0.6939665331133631, 0.5016701272907828, 0.7296218696996907, 0.4096884128529698, 1.0254277009608626, 0.5145573380867499, 0.3045315801831417]
 Tipo: M
132 - Coordendas: [1.0745238752415125, 0.32, 1.0960316339500071, 1.100047136460052, 0.4763925250519094, 0.4318068442582061, 0.3546738072054528, 1.0153503632528709, 0.5383244206773619, 0.2277529936604837]
 Tipo: M
133 - Coordendas: [1.0340417701720488, 0.40750000000000003, 1.05790142635221, 1.0411265613952392, 0.4047124672745329, 0.4402873391200239, 0.2750730282375852, 0.9315678462620108, 0.44385026737967914, 0.09884949518666367]
 Tipo: M
134 - Coordendas: [0.493053638789217, 0.807, 0.5276090947606271, 0.39347160028281875, 0.45833709488128566, 0.5580165619076125, 0.26411879259980525, 0.5345676119053199, 0.5246583481877599, 0.3977459497534634]
 Tipo: M
135 - Coordendas: [1.2125310516146839, 0.44699999999999995, 1.23301793531987, 1.3321942022154136, 0.24889410490204925, 0.31028634141474604, 0.2811587147030185, 0.9053198968830559, 0.5157456922162804, -0.0345151444000939]
 Tipo: M
136 - Coordendas: [1.2566933480540987, 0.3315, 1.2852704420279624, 1.404077303794485, 0.37762932201859717, 0.4198343809238751, 0.37171372930866603, 1.0476915865947973, 0.30362448009506826, 0.05517727166001421]
 Tipo: M
137 - Coordendas: [1.14260741558561, 0.37299999999999994, 1.1779409687897189, 1.180179118548197, 0.46104540940687916, 0.6024144467724234, 0.3958130477117819, 1.1089758612608391, 0.4949494949494949, 0.15238318854191132]
 Tipo: M
138 - Coordendas: [1.2097709080872203, 0.8765000000000001, 1.2344301652308995, 1.3168748526985623, 0.4077818904035389, 0.3988825700887958, 0.3505355404089581, 1.1472931802202953, 0.4111705288175876, 0.0680911011974642]
 Tipo: M
139 - Coordendas: [1.1150059803109762, 0.7785, 1.2047733370992797, 1.1648597690313458, 0.6217387379254311, 0.7765140177591541, 0.47151898734177217, 1.7213498945394892, 0.3410576351752822, 0.4651326602488848]
 Tipo: M
140 - Coordendas: [1.1076455975710735, 0.6935, 1.1045050134161842, 1.0988687249587556, 0.33998375011284643, 0.4846852239848349, 0.35735150925024345, 0.9691820951488166, 0.5306001188354129, 0.09063160366283171]
 Tipo: M
141 - Coordendas: [1.105805501886098, 0.4095, 1.1242762321705975, 1.1719302380391232, 0.2666787036201138, 0.2835478399680734, 0.22568159688412853, 0.6593625498007968, 0.5264408793820559, -0.046724583235501264]
 Tipo: M
142 - Coordendas: [0.579538135983071, 0.47800000000000004, 0.614743680271148, 0.47336790007070473, 0.4646564954410039, 0.5994213309388406, 0.23970301850048686, 0.7215842512303726, 0.5430778371954842, 0.3613524301479223]
 Tipo: M
143 - Coordendas: [1.1564081332229275, 0.9024999999999999, 1.268323683095608, 1.2532406316285647, 0.360837771959917, 0.9122019355482391, 0.4342745861733204, 1.3405202718537614, 0.4949494949494949, 0.2322141347734211]
 Tipo: M
144 - Coordendas: [0.9015548808538044, 0.404, 0.9251518147154355, 0.8753240631628564, 0.325178297372935, 0.3411154345006485, 0.20501460564751706, 0.7705647996250293, 0.4949494949494949, 0.06832589809814518]
 Tipo: M
145 - Coordendas: [0.7488269390008279, 0.29799999999999993, 0.7765852280751306, 0.6753476313928825, 0.3261713460323193, 0.36136885164122523, 0.1837877312560857, 0.4779704710569487, 0.31729055258467015, 0.17445409720591687]
 Tipo: M
146 - Coordendas: [0.7837887570153647, 0.5179999999999999, 0.8347691004095468, 0.7772802262550083, 0.535975444614968, 0.6667664371944527, 0.3704965920155794, 0.9937895476915866, 0.6090314913844325, 0.380605776003757]
 Tipo: M
147 - Coordendas: [1.154568037537952, 1.0875, 1.1892388080779552, 1.2720952156493046, 0.28500496524329694, 0.44677242342611995, 0.2787244401168452, 0.7777126786969768, 0.2186571598336305, 0.016435783047663754]
 Tipo: M
148 - Coordendas: [0.9714785168828777, 0.43, 1.0070611495551476, 0.9522743341975017, 0.3344768439108062, 0.4806944028733912, 0.25219084712755596, 0.8774314506679166, 0.26500297088532393, 0.05822963136886601]
 Tipo: M
149 - Coordendas: [1.7249976998803938, 0.337, 1.8416890269735913, 2.1995050671694556, 0.5621558183623726, 1.061857727227377, 0.8198636806231743, 2.241621748300914, 0.5323826500297089, 0.20615167879783997]
 Tipo: M
150 - Coordendas: [0.984359186677707, 0.5009999999999999, 1.0395424375088267, 0.9665331133631865, 0.5314615870723121, 0.7136585852539161, 0.4515579357351509, 1.2350597609561753, 0.5412953060011884, 0.21671753932848092]
 Tipo: M
151 - Coordendas: [0.7497469868433159, 0.9544999999999998, 0.7473520689168196, 0.6787650247466415, 0.275977250157985, 0.112790581662177, 0.11407010710808178, 0.32095148816498714, 0.4705882352941177, 0.011974641934726546]
 Tipo: M
152 - Coordendas: [0.7635477044806328, 0.5845, 0.7785623499505719, 0.6682771623851049, 0.34251151033673377, 0.40786191758954404, 0.13084225900681598, 0.38235294117647056, 0.3963161021984551, 0.2521718713312986]
 Tipo: M
153 - Coordendas: [0.9392768423958046, 0.5675, 0.9576331026691145, 0.924817346217299, 0.4029069242574705, 0.3317868901526489, 0.22056962025316454, 0.7648230606983829, 0.4795008912655972, 0.07912655552946714]
 Tipo: M
154 - Coordendas: [0.7368663170484865, 0.724, 0.7308289789577744, 0.654371906669809, 0.3723029701182631, 0.1390302304699192, 0.05837390457643622, 0.3397000234356691, 0.30005941770647654, 0.061281991077717805]
 Tipo: M
155 - Coordendas: [1.1002852148311713, 0.5294999999999999, 1.1271006919926565, 1.1625029460287533, 0.3381782070957841, 0.3963883068941435, 0.2629016553067186, 0.9316850246074525, 0.3101604278074867, 0.05118572434843864]
 Tipo: M
156 - Coordendas: [1.299015548808538, 0.48999999999999994, 1.3318740290919362, 1.4618194673580014, 0.3991152839216394, 0.46922079217799056, 0.38266796494644595, 1.3534098898523554, 0.2935234699940583, 0.09814510448462088]
 Tipo: M
157 - Coordendas: [0.5537767963934124, 0.5549999999999999, 0.6172856941110013, 0.4434362479377798, 0.6740994854202401, 0.8468522398483489, 0.4525316455696203, 1.0959690649168035, 0.7664884135472371, 0.503874148861235]
 Tipo: M
158 - Coordendas: [0.8417517710920965, 0.49799999999999994, 0.9082050557830815, 0.7722130567994343, 0.5811140200415277, 0.8917489773520902, 0.41918208373904575, 1.2045933911413171, 0.6559714795008913, 0.49612585113876506]
 Tipo: M
159 - Coordendas: [0.8325512926672187, 0.23949999999999996, 0.8757237678294025, 0.7656139523921753, 0.3816917938069874, 0.5669959094083608, 0.29308666017526774, 0.8250527302554488, 0.42899584076054664, 0.17210612819910787]
 Tipo: M
160 - Coordendas: [0.628300671634925, 0.6515, 0.6746222284987996, 0.5353523450388875, 0.7192380608467998, 0.7650404070637535, 0.3792599805258033, 1.0752284977736113, 0.7076648841354723, 0.5113876496830243]
 Tipo: M
161 - Coordendas: [0.9263961726009752, 0.41799999999999987, 0.983053241067646, 0.8855762432241339, 0.554933646294123, 0.6672652898333833, 0.46494644595910417, 1.2772439653152097, 0.6363636363636365, 0.2540502465367458]
 Tipo: M
162 - Coordendas: [1.5005060263133678, 0.7975000000000001, 1.6256178505860757, 1.8165213292481734, 0.554933646294123, 0.9226778409657788, 0.8575949367088608, 1.8982891961565505, 0.6773618538324421, 0.2315097440713783]
 Tipo: M
163 - Coordendas: [0.839911675407121, 0.3665, 0.8658381584521959, 0.7889465001178412, 0.4024555385032049, 0.4502643918986331, 0.22996592015579356, 0.6963909069603937, 0.47593582887700525, 0.23597088518431567]
 Tipo: M
164 - Coordendas: [0.6098997147851687, 0.6985, 0.6209574918796781, 0.505656375206222, 0.3606572176582107, 0.27526688616182776, 0.12865141187926, 0.3614951956878369, 0.41651812240047537, 0.20826485090396815]
 Tipo: M
165 - Coordendas: [1.2419725825742938, 0.537, 1.2527891540742833, 1.3699033702568937, 0.2791369504378442, 0.29951112441384814, 0.22010710808179162, 0.705647996250293, 0.24183006535947713, -0.015496595444940149]
 Tipo: M
166 - Coordendas: [0.9236360290735116, 0.663, 0.9745798616014686, 0.8906434126797077, 0.6054888507718696, 0.6293524892746684, 0.5883641674780915, 1.4096554956644012, 0.7058823529411765, 0.2674336698755578]
 Tipo: M
167 - Coordendas: [0.6439414849572177, 0.445, 0.6684084168902698, 0.5373556445910912, 0.48180915410309655, 0.44826898134291127, 0.2740993184031159, 0.7573236465901102, 0.3618538324420677, 0.3054707677858653]
 Tipo: M
168 - Coordendas: [0.80678995307756, 0.42499999999999993, 0.8940827566727862, 0.724840914447325, 0.6470163401643044, 1.0623565798663075, 0.7093476144109055, 1.4553550503866886, 0.7813428401663696, 0.5541206856069502]
 Tipo: M
169 - Coordendas: [0.7258257429386327, 0.29750000000000004, 0.7746081061996893, 0.6351637991986802, 0.573891847973278, 0.7056769430310287, 0.41139240506329117, 1.0455823763768457, 0.6518122400475341, 0.35806527353838946]
 Tipo: M
