0 - Coordendas: [0.34308584046370416, 0.5083293669681105, 0.3630843101256885, 0.23733207636106526, 0.6775189014041044, 0.5276693685579905, 0.2056475170399221, 0.3359503163815327, 0.39609120521172636, 0.38200455580865605]
 Tipo: B
1 - Coordendas: [0.2924832091268746, 0.47025226082817706, 0.2957209433695806, 0.19820881451802969, 0.555624132078383, 0.25818072650855595, 0.012232229795520935, 0.13077103351300678, 0.4762214983713355, 0.2610478359908885]
 Tipo: B
2 - Coordendas: [0.5583770356058515, 0.19657306044740597, 0.5496398813726874, 0.4561630921517794, 0.29671347014349636, 0.06959871910337237, 0.011097857838364167, 0.10345676119053199, 0.2560260586319219, 0.07585421412300682]
 Tipo: B
3 - Coordendas: [0.6697028245468764, 0.4026653974297954, 0.6698206468012993, 0.5769502710346454, 0.022681684925165858, 0.14390073051135796, 0.06024829600778968, 0.1610030466369815, 0.3745928338762215, 0.09134396355353074]
 Tipo: B
4 - Coordendas: [0.3900082804305824, 0.48310328415040454, 0.3975427199548086, 0.2872967240160264, 0.634315692022836, 0.2219053337336135, 0.012185978578383641, 0.0888563393484884, 0.5732899022801302, 0.1920273348519362]
 Tipo: B
5 - Coordendas: [0.5583770356058515, 0.42265587815326033, 0.5832509532551899, 0.43424463822766907, 0.6775189014041044, 0.5351746222355648, 0.23376338851022396, 0.6565502695101946, 0.6351791530944624, 0.29977220956719813]
 Tipo: B
6 - Coordendas: [0.439690863924924, 0.5659209900047597, 0.4368027114814292, 0.3351402309686542, 0.34068816540657315, 0.1311918342839988, 0.04033592989289192, 0.13065385516756503, 0.2833876221498371, 0.16013667425968112]
 Tipo: B
7 - Coordendas: [0.42497009844511907, 0.41170871013802945, 0.42493998022878116, 0.3172283761489512, 0.3207838296559174, 0.17567297107975582, 0.08196202531645569, 0.20822591985001174, 0.29706840390879485, 0.1535307517084283]
 Tipo: B
8 - Coordendas: [0.6126598583126323, 0.3155640171346977, 0.6131902273690156, 0.504713646005185, 0.1937972535102608, 0.18588011608125687, 0.045204479065238556, 0.20189828919615654, 0.1908794788273616, 0.17494305239179953]
 Tipo: B
9 - Coordendas: [0.5537767963934124, 0.7339362208472155, 0.548227651461658, 0.4439076125382984, 0.29933652214164486, 0.13654558190733512, 0.029357351509250243, 0.2064682446683853, 0.39543973941368066, 0.060136674259681014]
 Tipo: B
10 - Coordendas: [0.3228447879289723, 0.42360780580675866, 0.32580144047450926, 0.224840914447325, 0.6559172967134703, 0.21685179625738019, 0.055915287244401174, 0.208577454886337, 0.2749185667752443, 0.32232346241457865]
 Tipo: B
11 - Coordendas: [0.7046646425614131, 0.33983817229890534, 0.7120463211410817, 0.615720009427292, 0.3413053541120198, 0.21785249674772336, 0.1263875365141188, 0.32704476212795874, 0.22736156351791528, 0.0387243735763098]
 Tipo: B
12 - Coordendas: [0.5399760787560952, 0.5549738219895288, 0.5485100974438638, 0.43719066698090975, 0.17312143187779655, 0.2988091664164915, 0.1491236611489776, 0.21877197093977033, 0.33876221498371334, 0.21161731207289292]
 Tipo: B
13 - Coordendas: [0.3302051706688748, 0.5002379819133745, 0.3722638045473804, 0.22955456045251002, 0.40796173430026245, 0.7132993095166618, 0.555014605647517, 0.6961565502695102, 0.7348534201954396, 0.74373576309795]
 Tipo: B
14 - Coordendas: [0.11178581286226881, 0.3393622084721561, 0.11184860895353765, 0.06881923167570116, 0.3349791698811911, 0.18007605323726605, 0.038656280428432326, 0.06933442699789079, 0.4618892508143322, 0.3002277904328019]
 Tipo: B
15 - Coordendas: [0.4553316772472168, 0.5625892432175156, 0.4623640728710634, 0.34774923403252417, 0.5151982718716248, 0.2754428099669769, 0.08101265822784809, 0.23529411764705882, 0.4091205211726384, 0.22984054669703877]
 Tipo: B
16 - Coordendas: [0.06532339681663445, 0.7486910994764399, 0.06425646095184302, 0.0316992693848692, 0.34547137787378485, 0.48263784649254476, 0.22521908471275562, 0.15983126318256385, 0.6364820846905536, 0.5845102505694759]
 Tipo: B
17 - Coordendas: [0.540896126598583, 0.1718229414564493, 0.5511933342748199, 0.4257600754183361, 0.7577534331121741, 0.3247273091163814, 0.09250243427458617, 0.39840637450199207, 0.314657980456026, 0.2940774487471526]
 Tipo: B
18 - Coordendas: [0.5132946913239488, 0.44550214183722037, 0.5384832650755543, 0.40337025689370726, 0.3596667180990588, 0.40208145701991393, 0.250730282375852, 0.5145301148347785, 0.30814332247556997, 0.22756264236902046]
 Tipo: B
19 - Coordendas: [0.6641825374919494, 0.5149928605425989, 0.6866261827425504, 0.5596276219655903, 0.38605153525690483, 0.4371059741819273, 0.12324732229795521, 0.3583313803609093, 0.2905537459283388, 0.18769931662870154]
 Tipo: B
20 - Coordendas: [0.43233048118502154, 0.307472632079962, 0.4476768817963564, 0.32641998585906196, 0.7484956025304738, 0.346192334634244, 0.10416260954235639, 0.36700257792359975, 0.5166123778501628, 0.27699316628701587]
 Tipo: B
21 - Coordendas: [0.6246204802649736, 0.16944312232270342, 0.6251941816127666, 0.5175583313693142, 0.4272488813454715, 0.19398579005303712, 0.025876338851022397, 0.22463088821185845, 0.3465798045602606, 0.16560364464692479]
 Tipo: B
22 - Coordendas: [0.5675775140307295, 0.26796763445978106, 0.5863578590594549, 0.46594390761253823, 0.4559481561487426, 0.307915540878615, 0.22621713729308665, 0.4081321771736583, 0.4964169381107491, 0.23280182232346242]
 Tipo: B
23 - Coordendas: [0.18115742018584957, 0.28795811518324604, 0.2111283716989126, 0.11984444968182888, 0.46798333590495295, 0.504653257280096, 0.22548685491723466, 0.27044762127958755, 0.15960912052117265, 0.45056947608200454]
 Tipo: B
24 - Coordendas: [0.6503818198546324, 0.8300809138505473, 0.6720802146589464, 0.5384162149422578, 0.5400401172658541, 0.4461122785950165, 0.10861733203505355, 0.5043355987813453, 0.31074918566775245, 0.22460136674259681]
 Tipo: B
25 - Coordendas: [0.5307756003312172, 0.3326987148976677, 0.5468154215506285, 0.4127975489040773, 0.7438666872396237, 0.4416091263884719, 0.09444985394352483, 0.3509491445980783, 0.6905537459283386, 0.32756264236902044]
 Tipo: B
26 - Coordendas: [0.21041494157696206, 0.15040456925273674, 0.24996469425222428, 0.12396888993636576, 1.529239314920537, 1.0030021014710298, 0.23685491723466406, 0.6154206702601359, 0.8586319218241043, 0.9833712984054668]
 Tipo: B
27 - Coordendas: [0.4847732082068267, 0.3917182294145646, 0.4869368733229769, 0.37332076361065286, 0.34331121740472165, 0.21690183128189733, 0.0945715676728335, 0.2731427232247481, 0.5928338762214983, 0.2375854214123007]
 Tipo: B
28 - Coordendas: [0.3587266537859969, 0.2812946216087577, 0.375935602316057, 0.2538298373792128, 0.5617960191328499, 0.4175923146202341, 0.12451314508276534, 0.18408718068900864, 0.5218241042345275, 0.37630979498861045]
 Tipo: B
29 - Coordendas: [0.5786180881405832, 0.3479295573536411, 0.5756249117356305, 0.47478199387226017, 0.31106310754513194, 0.13259281497047934, 0.0865141187925998, 0.2877900164049684, 0.2840390879478828, 0.11138952164009108]
 Tipo: B
30 - Coordendas: [0.7331861256785351, 0.43122322703474536, 0.7633102669114532, 0.643412679707754, 0.2636938744020984, 0.4666266386470529, 0.2203018500486855, 0.4173892664635575, 0.4456026058631921, 0.2979498861047836]
 Tipo: B
31 - Coordendas: [0.6006992363602907, 0.4369347929557354, 0.6257590735771783, 0.48856940843742636, 0.6420305508409196, 0.45661963374362047, 0.2088607594936709, 0.6305366768221232, 0.4859934853420195, 0.20364464692482906]
 Tipo: B
32 - Coordendas: [0.15061183181525442, 0.09900047596382668, 0.14899025561361395, 0.09545133160499646, 0.5127295170498379, 0.14650255178625038, 0.050170399221032135, 0.09138739161003047, 0.4058631921824104, 0.45603644646924835]
 Tipo: B
33 - Coordendas: [0.22587174533075718, 0.40980485483103285, 0.22638045473803137, 0.15920339382512375, 0.5648819626600834, 0.18072650855598918, 0.06596884128529698, 0.1647527536911179, 0.2905537459283388, 0.40410022779043275]
 Tipo: B
34 - Coordendas: [0.6862636857116569, 0.26035221323179436, 0.7086569693546109, 0.585199151543719, 0.5463663014966826, 0.39357550285199633, 0.2065968841285297, 0.6482306069838294, 0.43257328990228006, 0.20410022779043285]
 Tipo: B
35 - Coordendas: [0.38172784984819214, 0.6059019514516898, 0.39118768535517573, 0.2768088616544897, 0.4840302422465669, 0.29270489342539774, 0.11742940603700097, 0.26447152566205767, 0.6319218241042346, 0.311389521640091]
 Tipo: B
36 - Coordendas: [0.42681019413009463, 0.4031413612565445, 0.4602457280045191, 0.3126325712938958, 0.8210152754204598, 0.6247373161212848, 0.24829600778967867, 0.6519803140379659, 0.5843648208469056, 0.47152619589977224]
 Tipo: B
37 - Coordendas: [0.7138651209862912, 0.7477391718229416, 0.7189662477051264, 0.6187838793306623, 0.28483258756364765, 0.24367056939857895, 0.09992697176241482, 0.35469885165221465, 0.5081433224755699, 0.11275626423690212]
 Tipo: B
38 - Coordendas: [0.5537767963934124, 0.526891956211328, 0.5609377206609236, 0.4429648833372613, 0.7592964048757909, 0.2624337035925147, 0.07633885102239532, 0.3099367236934615, 0.9641693811074918, 0.20546697038724374]
 Tipo: B
39 - Coordendas: [0.5905787100929248, 0.34459781056639693, 0.5887586499082051, 0.4818524628800377, 0.23268014195340223, 0.16771740218152703, 0.05309152872444012, 0.17260370283571597, 0.38436482084690554, 0.11753986332574026]
 Tipo: B
40 - Coordendas: [0.6338209586898518, 0.5230842455973346, 0.6493433130913712, 0.5200329955220362, 0.48588180836290706, 0.3920744521164815, 0.08977604673807206, 0.277595500351535, 0.36482084690553745, 0.3423690205011388]
 Tipo: B
41 - Coordendas: [0.6660226331769252, 0.8633983817229892, 0.6886033046179918, 0.5661088852227197, 0.2768091343928406, 0.4025818072650856, 0.26850048685491723, 0.5165221467072885, 0.18371335504886002, 0.2150341685649202]
 Tipo: B
42 - Coordendas: [0.25402520931088424, 0.28367444074250353, 0.2501059172433272, 0.17251944378977135, 0.4024070359512422, 0.11733213249274492, 0.026850048685491724, 0.16486993203655964, 0.6651465798045603, 0.2567198177676536]
 Tipo: B
43 - Coordendas: [0.4176097157052166, 0.43027129938124703, 0.4173139387092219, 0.31286825359415504, 0.4775497608393768, 0.15655959171419992, 0.07390457643622202, 0.2669322709163347, 0.5602605863192182, 0.16446469248291565]
 Tipo: B
44 - Coordendas: [0.5951789493053637, 0.4088529271775345, 0.6045756249117356, 0.4850341739335376, 0.5849405955871008, 0.29125387771440003, 0.09673807205452775, 0.32575580032809937, 0.3765472312703583, 0.11958997722095667]
 Tipo: B
45 - Coordendas: [0.5583770356058515, 0.45692527367920033, 0.548227651461658, 0.4521564930473722, 0.2516586946458881, 0.07230061042729911, 0.0016845180136319377, 0.04882821654558237, 0.49446254071661233, 0.07198177676537593]
 Tipo: B
46 - Coordendas: [0.6080596191001931, 0.5773441218467397, 0.6124841124135009, 0.4919868017911855, 0.23561178830427415, 0.2959571700190133, 0.09912366114897761, 0.250996015936255, 0.3745928338762215, 0.1535307517084283]
 Tipo: B
47 - Coordendas: [0.3835679455331677, 0.16039980961446929, 0.3824318599067929, 0.2809333019090266, 0.5130381114025614, 0.1385469828880216, 0.04824732229795521, 0.20928052495898758, 0.5016286644951139, 0.20956719817767652]
 Tipo: B
48 - Coordendas: [0.24712485049222555, 0.41789623988576863, 0.24996469425222428, 0.1715767145887344, 0.3883659929023299, 0.19583708596017207, 0.07176241480038949, 0.17740801499882822, 0.7674267100977198, 0.27972665148063797]
 Tipo: B
49 - Coordendas: [0.6991443555064862, 0.18800571156592097, 0.7131761050699055, 0.6072354466179589, 0.5250732911587719, 0.32893025117582303, 0.2001460564751704, 0.5096086243262246, 0.4423452768729641, 0.10364464692482912]
 Tipo: B
50 - Coordendas: [0.8757935412641457, 0.40837696335078527, 0.8870216071176387, 0.8185246288003771, 0.5025459034099676, 0.3064144901431002, 0.14269717624148004, 0.566557300210921, 0.2833876221498371, 0.09293849658314352]
 Tipo: B
51 - Coordendas: [0.61357990615512, 0.1642075202284626, 0.6226521677729133, 0.5012962526514259, 0.4963740163555008, 0.3185730011007705, 0.0946445959104187, 0.3003280993672369, 0.19543973941368084, 0.264009111617312]
 Tipo: B
52 - Coordendas: [0.478332873309412, 0.20799619228938598, 0.4725321282304759, 0.37461701626207866, 0.20135781515198284, 0.04343040128089665, 0.02733690360272639, 0.059186782282634166, 0.3993485342019544, 0.10569476082004552]
 Tipo: B
53 - Coordendas: [0.709264881773852, 0.20323655402189433, 0.7686767405733653, 0.6040537355644591, 0.5988273414596513, 0.8013609526668669, 0.3529698149951314, 0.7382235762831029, 0.6684039087947883, 0.5059225512528474]
 Tipo: B
54 - Coordendas: [0.3734474192658017, 0.33888624464540684, 0.3831379748623076, 0.27068112184774923, 0.6698040425860208, 0.2731912338637046, 0.07414800389483935, 0.29060229669557064, 0.426058631921824, 0.26309794988610474]
 Tipo: B
55 - Coordendas: [0.1857576593982887, 0.22322703474535935, 0.17751729981641012, 0.12114070233325479, 0.08887517358432344, 0.03862703892724908, 0.008960564751703991, 0.04068432153737989, 0.47426710097719854, 0.3753986332574032]
 Tipo: B
56 - Coordendas: [0.43785076823994845, 0.23702998572108516, 0.4592571670667985, 0.33290124911619134, 0.2576762845239933, 0.36610627439207444, 0.16372930866601754, 0.3092336536208109, 0.28599348534201957, 0.35831435079726653]
 Tipo: B
57 - Coordendas: [0.49765387800165606, 0.3698238933841028, 0.5204067222143764, 0.37638463351402307, 0.6158000308594354, 0.5316721705193636, 0.14342745861733203, 0.3374736348722756, 0.4684039087947882, 0.31958997722095656]
 Tipo: B
58 - Coordendas: [0.4470512466648265, 0.43931461208948125, 0.4479593277785624, 0.3352580721187839, 0.37679370467520445, 0.22795957170019013, 0.06497078870496592, 0.16322943520037497, 0.30814332247556997, 0.19863325740318902]
 Tipo: B
59 - Coordendas: [0.4562517250897046, 0.4059971442170394, 0.45078378760062127, 0.3465708225312279, 0.28267242709458423, 0.12043430401280895, 0.04800389483933788, 0.15807358800093743, 0.5263843648208468, 0.21070615034168566]
 Tipo: B
60 - Coordendas: [0.6890238292391204, 0.7272727272727272, 0.7346419997175541, 0.6044072590148479, 0.3715476006789077, 0.49814870409286494, 0.24561830574488802, 0.45582376376845557, 0.5289902280130293, 0.26332574031890643]
 Tipo: B
61 - Coordendas: [0.5068543564265341, 0.33983817229890534, 0.4999293885044485, 0.39842092858826306, 0.3212467211850024, 0.0745521865305714, 0.010888510223953263, 0.07526365127724396, 0.1009771986970684, 0.11116173120728934]
 Tipo: B
62 - Coordendas: [0.4341705768699971, 0.447405997144217, 0.43129501482841404, 0.3242988451567287, 0.3679987656225891, 0.1455518863204243, 0.03853456669912366, 0.1345207405671432, 0.5706840390879477, 0.21480637813211848]
 Tipo: B
63 - Coordendas: [0.7203054558837059, 0.2375059495478343, 0.7184013557407145, 0.633042658496347, 0.31522913130689717, 0.1336935855098569, 0.08315481986368063, 0.29775017576751817, 0.39022801302931587, 0.037129840546697025]
 Tipo: B
64 - Coordendas: [0.32468488361394787, 0.49881009043312713, 0.3509391328908346, 0.22472307329719537, 0.7392377719487734, 0.5346742719903932, 0.15764362220058423, 0.35950316381532693, 0.5615635179153095, 0.5915717539863325]
 Tipo: B
65 - Coordendas: [0.3844879933756555, 0.5568776772965255, 0.3835616438356165, 0.2790478435069526, 0.578768708532634, 0.18182727909536672, 0.021798928919182083, 0.12608389969533632, 0.36156351791530944, 0.21845102505694763]
 Tipo: B
66 - Coordendas: [0.8031097617076087, 0.20085673488814845, 0.822059031210281, 0.7284939901013434, 0.46798333590495295, 0.3561493045131592, 0.1736854917234664, 0.6952191235059761, 0.49250814332247556, 0.12255125284738047]
 Tipo: B
67 - Coordendas: [0.7368663170484865, 0.5901951451689671, 0.7589323541872617, 0.6483620080131982, 0.3218639098904491, 0.3955769038326828, 0.16696689386562805, 0.45418326693227096, 0.5758957654723126, 0.1658314350797267]
 Tipo: B
68 - Coordendas: [0.25522127150611834, 0.8800571156592099, 0.25264793108318034, 0.1736978552910676, 0.2399321092424008, 0.11417992594816373, 0.037512171372930864, 0.12221701429575814, 0.365472312703583, 0.17471526195899778]
 Tipo: B
69 - Coordendas: [0.5215751219063391, 0.4026653974297954, 0.5493574353904815, 0.40313457459344804, 0.668261070822404, 0.5501851295907134, 0.19515579357351512, 0.5945629247715022, 0.37850162866449505, 0.38018223234624154]
 Tipo: B
70 - Coordendas: [0.42220995491765567, 0.44407425035697284, 0.4294591159440757, 0.31369314164506246, 0.3266471223576608, 0.26908836185329726, 0.13351996105160663, 0.16733067729083664, 0.63257328990228, 0.24646924829157182]
 Tipo: B
71 - Coordendas: [0.29340325696936237, 0.24607329842931938, 0.2931789295297274, 0.1984444968182889, 0.7577534331121741, 0.2860502351646152, 0.026387536514118796, 0.15116006561987344, 1.0964169381107491, 0.4043280182232345]
 Tipo: B
72 - Coordendas: [0.4093292851228263, 0.2703474535935269, 0.41335969495833924, 0.30202686778222954, 0.4952939361209691, 0.22740918643050137, 0.0852726387536514, 0.3368877431450668, 0.4390879478827361, 0.1548974943052392]
 Tipo: B
73 - Coordendas: [0.478332873309412, 0.5145168967158495, 0.47210845925716705, 0.3714353052085788, 0.2444067273568895, 0.08475933153207245, 0.05800876338851022, 0.20740567143191938, 0.4423452768729641, 0.1120728929384966]
 Tipo: B
74 - Coordendas: [0.4277302419725826, 0.9319371727748691, 0.4389210563479735, 0.32005656375206226, 0.4517821323869774, 0.3117182027419193, 0.17429406037000972, 0.2363487227560347, 0.4814332247557003, 0.22346241457858768]
 Tipo: B
75 - Coordendas: [0.42497009844511907, 0.14897667777248927, 0.43143623781951707, 0.3171105349988216, 0.3940749884277117, 0.25923146202341635, 0.10214216163583252, 0.3925474572299039, 0.36482084690553745, 0.31822323462414587]
 Tipo: B
76 - Coordendas: [0.21639525255313277, 0.5821037601142314, 0.21494139245869226, 0.14199858590619843, 0.4337293627526616, 0.16316421495046532, 0.09727361246348588, 0.15022263885633935, 0.41172638436482073, 0.3168564920273348]
 Tipo: B
77 - Coordendas: [0.47925292115189977, 0.17039504997620175, 0.498375935602316, 0.3680179118548197, 0.6528313531862368, 0.3585009506654658, 0.0694985394352483, 0.3377079915631591, 0.534201954397394, 0.2929384965831436]
 Tipo: B
78 - Coordendas: [0.5381359830711197, 0.2865302237029986, 0.5521818952125406, 0.4282347395710582, 0.4028699274803271, 0.2964575202641849, 0.14203992210321323, 0.36067494726974453, 0.4201954397394137, 0.1658314350797267]
 Tipo: B
79 - Coordendas: [0.4111693808078019, 0.5359352689195621, 0.4239514192910606, 0.30403016733443317, 0.708378336676439, 0.35114580206144297, 0.11175754625121713, 0.26165924537145535, 0.5094462540716612, 0.41457858769931666]
 Tipo: B
80 - Coordendas: [0.4176097157052166, 0.24845311756306518, 0.42479875723767835, 0.3096865425406552, 0.5710538497145503, 0.2733913739617732, 0.1053554040895813, 0.343215373798922, 0.5361563517915309, 0.2239179954441913]
 Tipo: B
81 - Coordendas: [0.6163400496825834, 0.3150880533079485, 0.6209574918796781, 0.5090737685599811, 0.4394383582780436, 0.24572200540378264, 0.042648490749756574, 0.22029528943051324, 0.371986970684039, 0.22095671981776766]
 Tipo: B
82 - Coordendas: [0.6945441162940471, 0.20323655402189433, 0.7071035164524785, 0.5900306386990337, 0.7037494213855887, 0.3451415991193835, 0.16784323271665044, 0.7610733536442464, 0.38436482084690554, 0.21321184510250568]
 Tipo: B
83 - Coordendas: [0.6108197626276565, 0.6435030937648739, 0.6129077813868097, 0.5063634221069998, 0.4346551458108317, 0.22030421294906433, 0.07239532619279454, 0.28626669791422543, 0.3934853420195439, 0.14031890660592253]
 Tipo: B
84 - Coordendas: [0.3302051706688748, 0.40980485483103285, 0.32523654851009737, 0.23261843035588023, 0.26431106310754526, 0.10597418192734914, 0.04851509250243428, 0.130185141785798, 0.8547231270358304, 0.13280182232346247]
 Tipo: B
85 - Coordendas: [0.14628760695556164, 0.1613517372679676, 0.15167349244457, 0.09168041480084847, 0.606542200277735, 0.2645852096467527, 0.06243914313534567, 0.17693930161706117, 0.4026058631921824, 0.4421412300683372]
 Tipo: B
86 - Coordendas: [0.6559021069095592, 0.15088053307948596, 0.653015110860048, 0.5573886401131275, 0.4443758679216172, 0.1482037426198339, 0.0429649464459591, 0.32024841809233656, 0.20390879478827365, 0.11731207289293853]
 Tipo: B
87 - Coordendas: [0.4332505290275093, 0.7010947168015231, 0.46010450501341627, 0.3098043836907848, 0.9151365530010802, 0.6592614830381267, 0.10990749756572542, 0.5309350831966253, 0.6977198697068404, 0.5056947608200456]
 Tipo: B
88 - Coordendas: [0.17453307571993742, 0.27510709186101856, 0.1828837734783223, 0.11489512137638463, 0.28760993673815777, 0.2678875212648854, 0.11492210321324246, 0.2790016404968362, 0.5667752442996742, 0.32710706150341695]
 Tipo: B
89 - Coordendas: [0.4148495721777532, 0.2322703474535935, 0.42649343313091365, 0.3080367664388404, 0.6219719179139023, 0.2944060842589813, 0.12921129503407985, 0.23072416217483008, 0.4684039087947882, 0.31640091116173136]
 Tipo: B
90 - Coordendas: [0.5611371791333148, 0.28557829604950025, 0.5908769947747493, 0.44367193023803914, 0.6667180990587873, 0.5181627138997298, 0.11119766309639727, 0.36442465432388094, 0.5908794788273616, 0.37038724373576315]
 Tipo: B
91 - Coordendas: [0.3016836875517526, 0.23798191337458355, 0.3164807230617145, 0.2098750883808626, 0.5327881499768555, 0.3409886920844591, 0.0871713729308666, 0.23869228966486994, 0.37328990228013026, 0.41457858769931666]
 Tipo: B
92 - Coordendas: [0.531695648173705, 0.43455497382198954, 0.5377771501200396, 0.4160971011077068, 0.5010029316463509, 0.2805964174922445, 0.06543330087633885, 0.20869463323177875, 0.45537459283387616, 0.22733485193621875]
 Tipo: B
93 - Coordendas: [0.4764927776244364, 0.39600190385530704, 0.487219319305183, 0.36742870610417155, 0.41012189476932587, 0.2748924246972881, 0.07098344693281401, 0.17893133348957113, 0.26319218241042347, 0.25034168564920256]
 Tipo: B
94 - Coordendas: [0.6347410065323397, 0.30699666825321276, 0.6295720943369582, 0.5339382512373321, 0.09211541428791858, 0.12443710597418192, 0.0497809152872444, 0.09968361846730725, 0.35635179153094465, 0.06583143507972658]
 Tipo: B
95 - Coordendas: [0.38172784984819214, 0.32889100428367446, 0.3767829402626747, 0.27999057270798966, 0.2656997376948002, 0.0745521865305714, 0.03332521908471276, 0.16053433325521443, 0.29381107491856684, 0.2193621867881549]
 Tipo: B
96 - Coordendas: [0.5546968442359002, 0.595430747263208, 0.539754271995481, 0.4512137638463351, -0.02746489739237778, -0.020314219953967764, 0.0038826679649464463, 0.021701429575814387, 0.21824104234527694, 0.011161731207289234]
 Tipo: B
97 - Coordendas: [0.478332873309412, 0.3869585911470728, 0.4801581697500354, 0.36247937779872735, 0.6204289461502854, 0.23581507054938453, 0.06061343719571567, 0.3446215139442231, 0.5472312703583061, 0.3302961275626425]
 Tipo: B
98 - Coordendas: [0.6338209586898518, 0.3093764873869586, 0.6316904392035023, 0.530520857883573, 0.3570436661009103, 0.15751025718002598, 0.03656280428432327, 0.24466838528239981, 0.23713355048859933, 0.15899772209567198]
 Tipo: B
99 - Coordendas: [0.4902934952617536, 0.32413136601618275, 0.4999293885044485, 0.3858119255243931, 0.4232371547600679, 0.22440708495947162, 0.08208373904576437, 0.2662292008436841, 0.4299674267100976, 0.1660592255125284]
 Tipo: B
100 - Coordendas: [0.377127610635753, 0.23798191337458355, 0.37311114249399796, 0.2700919160971011, 0.5602530473692331, 0.1700690483338337, 0.057521908471275564, 0.30267166627607217, 0.32964169381107483, 0.3380410022779043]
 Tipo: B
101 - Coordendas: [0.14867973134602994, 0.4231318419800096, 0.14545968083604016, 0.09156257365071882, 0.6651751272951705, 0.17527269088361855, 0.0, 0.0, 0.7185667752442996, 0.49521640091116176]
 Tipo: B
102 - Coordendas: [0.07167172692980033, 0.7058543550690147, 0.05832509532551903, 0.04419043129860947, -0.1799105076377102, 0.10097067947563294, 0.0, 0.0, 0.3433224755700326, 0.15922551252847386]
 Tipo: B
103 - Coordendas: [0.7046646425614131, 0.2632079961922894, 0.7340771077531422, 0.5991044072590148, 0.7546674895849406, 0.5526868808165715, 0.2425998052580331, 0.8277478322006093, 0.6879478827361564, 0.26446469248291576]
 Tipo: B
104 - Coordendas: [0.21289907075167908, 0.19942884340790099, 0.2283575766134727, 0.1346924345981617, 1.1234377410893381, 0.49564695286700683, 0.08111002921129504, 0.2836887743145067, 0.7407166123778501, 0.5719817767653759]
 Tipo: B
105 - Coordendas: [0.4985739258441439, 0.3793431699190861, 0.5321282304759215, 0.38215884987037474, 0.634315692022836, 0.5411788251776243, 0.18843719571567674, 0.3279821888914929, 0.48925081433224754, 0.43667425968109336]
 Tipo: B
106 - Coordendas: [0.3900082804305824, 1.1470728224654927, 0.3813020759779693, 0.28670751826537827, 0.2084554852646196, 0.061543080156109285, 0.012091041869522883, 0.0753925474572299, 0.5114006514657979, 0.1464692482915717]
 Tipo: B
107 - Coordendas: [0.6402612935872665, 0.16468348405521177, 0.6569693546109306, 0.5311100636342211, 0.9336522141644809, 0.37080956669668763, 0.24586173320350538, 0.775134755097258, 0.5967426710097719, 0.28974943052391805]
 Tipo: B
108 - Coordendas: [0.4672922991995584, 0.4374107567824845, 0.46419997175540173, 0.35564459109120905, 0.30195957413979335, 0.17262083458420896, 0.018281402142161635, 0.0994609796109679, 0.32247557003257327, 0.19658314350797262]
 Tipo: B
109 - Coordendas: [0.5197350262213635, 0.5259400285578297, 0.5417313938709223, 0.3970068347867075, 0.5406573059713008, 0.4876413489442609, 0.2592502434274586, 0.7055308179048512, 0.4397394136807816, 0.42938496583143504]
 Tipo: B
110 - Coordendas: [0.46637225135707056, 0.23417420276059023, 0.4836887445276092, 0.3603582370963941, 0.5988273414596513, 0.33763634544180926, 0.16046738072054528, 0.32212327161940474, 0.4006514657980456, 0.19544419134396349]
 Tipo: B
111 - Coordendas: [0.6172600975250712, 0.30271299381247024, 0.6220872758085016, 0.5133160499646476, 0.2889986113254127, 0.20164114880416292, 0.06222005842259007, 0.2379892195922194, 0.5289902280130293, 0.11025056947608193]
 Tipo: B
112 - Coordendas: [0.2636857116570061, 0.2841504045692527, 0.27128936590876995, 0.176408201744049, 0.47261225119580325, 0.3039627739417592, 0.056718597857838365, 0.2831028825872979, 0.21302931596091196, 0.38861047835990886]
 Tipo: B
113 - Coordendas: [0.44429110313736314, 0.3655402189433603, 0.44456997599209147, 0.33631864246995047, 0.5617960191328499, 0.16101270889622735, 0.05727848101265823, 0.18197797047105696, 0.4286644951140065, 0.1355353075170842]
 Tipo: B
114 - Coordendas: [0.5418161744410708, 0.4678724416944312, 0.5490749894082757, 0.4309450860240396, 0.4176824564110477, 0.27714400080056034, 0.04374391431353457, 0.24490274197328332, 0.5218241042345275, 0.2646924829157175]
 Tipo: B
115 - Coordendas: [0.6954641641365349, 0.8486435030937649, 0.7476345148990257, 0.6072354466179589, 0.7654682919302578, 0.6807765435805064, 0.39897760467380716, 0.862901335833138, 0.809771986970684, 0.4309794988610478]
 Tipo: M
116 - Coordendas: [0.6706228723893641, 0.6111375535459306, 0.7058325095325518, 0.5730615130803676, 0.6096281438049684, 0.46012208545982186, 0.3561343719571568, 0.7193578626669791, 0.5641693811074917, 0.18154897494305233]
 Tipo: M
117 - Coordendas: [0.9714785168828777, 0.4574012375059496, 1.0070611495551476, 0.9522743341975017, 0.3917605307822867, 0.4821374962473731, 0.25219084712755596, 0.8774314506679166, 0.2905537459283388, 0.06970387243735764]
 Tipo: M
118 - Coordendas: [1.2520931088416596, 0.5487862922417895, 1.3276373393588479, 1.3864011312750413, 0.6821478166949545, 0.7052937055939157, 0.5326192794547224, 1.313569252402156, 0.5133550488599348, 0.2362186788154897]
 Tipo: M
119 - Coordendas: [1.154568037537952, 0.4374107567824845, 1.210422256743398, 1.2650247466415272, 0.7824409813300418, 0.7042930051035726, 0.5348101265822784, 1.2444340285915163, 0.476872964169381, 0.311389521640091]
 Tipo: M
120 - Coordendas: [0.7175453123562424, 0.6772965254640648, 0.7570964553029234, 0.6184303558802733, 0.8163863601296097, 0.6227359151405983, 0.3084225900681597, 1.0580032809936724, 0.5817589576547231, 0.334624145785877]
 Tipo: M
121 - Coordendas: [0.6273806237924372, 0.2893860066634935, 0.6586640305041662, 0.5192081074711289, 0.5617960191328499, 0.523166216351446, 0.18960564751703993, 0.5939770330442934, 0.39218241042345264, 0.3145785876993165]
 Tipo: M
122 - Coordendas: [1.3827399024749287, 0.5801999048072346, 1.460386950995622, 1.577303794485034, 0.6482024378953867, 0.860402281597118, 0.5959104186952288, 1.7588469650808531, 0.49771986970684035, 0.21753986332574038]
 Tipo: M
123 - Coordendas: [1.125126506578342, 0.421703950499762, 1.1539330603022173, 1.1884279990572708, 0.6327727202592194, 0.5166616631642149, 0.3220545277507303, 1.0539020389032108, 0.5583061889250814, 0.17676537585421417]
 Tipo: M
124 - Coordendas: [1.1692888030177568, 0.5492622560685388, 1.2174834062985456, 1.2485269856233796, 0.6991205060947386, 0.6827779445611928, 0.4805258033106134, 1.4987110382001407, 0.6573289902280129, 0.1854214123006834]
 Tipo: M
125 - Coordendas: [0.9291563161284384, 0.8300809138505473, 0.9519841830249964, 0.9278812161206693, 0.5352569047986422, 0.43810667467227055, 0.24513145082765336, 0.7535739395359738, 0.47752442996742656, 0.24965831435079736]
 Tipo: M
126 - Coordendas: [1.1306467936332687, 0.7977153736316039, 1.1878265781669257, 1.2002121140702333, 0.4585712081468909, 0.7428199739817872, 0.40335929892891914, 0.8897351769393016, 0.5166123778501628, 0.24510250569476077]
 Tipo: M
127 - Coordendas: [1.1784892814426349, 0.7334602570204665, 1.2231323259426636, 1.2355644591091208, 0.5741397932417839, 0.6777744421094767, 0.6195228821811101, 1.3463791891258496, 0.7439739413680782, 0.21138952164009103]
 Tipo: M
128 - Coordendas: [0.4470512466648265, 0.4278914802475012, 0.48213529162547675, 0.35010605703511666, 0.719179139021756, 0.6412488742119484, 0.2964946445959104, 0.6072181860792125, 0.8084690553745927, 0.5954441913439636]
 Tipo: M
129 - Coordendas: [1.4931456435734656, 0.8215135649690624, 1.5493574353904815, 1.7988451567287296, 0.4752353031939515, 0.7243070149104373, 0.4746835443037975, 1.4494961331146006, 0.5530944625407165, 0.2560364464692481]
 Tipo: M
130 - Coordendas: [0.619100193210047, 0.5292717753450737, 0.6554159017087983, 0.5119019561630921, 0.8426168801110941, 0.7057940558390874, 0.22799415774099316, 0.7013123974689478, 0.7400651465798044, 0.5161731207289295]
 Tipo: M
131 - Coordendas: [0.7580274174257061, 0.9952403617325084, 0.8418302499646944, 0.6757011548432712, 0.6250578614411357, 0.9269488642049435, 0.6207400194741967, 1.1048746191703773, 0.6957654723127035, 0.4480637813211845]
 Tipo: M
132 - Coordendas: [1.0128806697948292, 0.03188957639219419, 1.1158028527044201, 1.0104878623615365, 0.8349020212930105, 1.2716901831281897, 0.7305258033106133, 1.7236934614483244, 0.885342019543974, 0.6118451025056948]
 Tipo: M
133 - Coordendas: [1.216211242984635, 0.814850071394574, 1.2697359130066375, 1.2850577421635634, 0.536336985033174, 0.7178024617232063, 0.3994644595910419, 1.482306069838294, 0.530944625407166, 0.19020501138952156]
 Tipo: M
134 - Coordendas: [0.8537123930444384, 0.5792479771537363, 0.8997316763169044, 0.8052085788357294, 0.8055855577842927, 0.5246672670869609, 0.43792599805258037, 0.9352003749707055, 0.5270358306188925, 0.3068337129840547]
 Tipo: M
135 - Coordendas: [0.8527923452019504, 0.4664445502141838, 0.9322129642705831, 0.7922460523214706, 0.5911124826415677, 0.8298809166416492, 0.5443037974683544, 1.0773377079915631, 0.7107491856677525, 0.3173120728929386]
 Tipo: M
136 - Coordendas: [1.678075259913515, 0.723465016658734, 1.8035588193757945, 2.0439547489983503, 0.6482024378953867, 1.21615130591414, 0.8128042843232716, 2.1619404734005156, 0.5009771986970684, 0.36378132118451034]
 Tipo: M
137 - Coordendas: [0.6439414849572177, 0.47168015230842464, 0.6684084168902698, 0.5373556445910912, 0.6435735226045364, 0.4496147303112178, 0.2740993184031159, 0.7573236465901102, 0.3967426710097719, 0.3095671981776765]
 Tipo: M
138 - Coordendas: [1.1472076547980492, 0.45787720133269866, 1.1680553594125125, 1.208460994579307, 0.6049992285141181, 0.47713399379565696, 0.3356864654333009, 1.0066791656901806, 0.46644951140065144, 0.10523917995444189]
 Tipo: M
139 - Coordendas: [1.2824546876437575, 0.732032365540219, 1.4010732947323825, 1.41821824181004, 0.7037494213855887, 1.0015010507355149, 0.7726387536514119, 1.7272088118115774, 0.7094462540716612, 0.3858769931662871]
 Tipo: M
140 - Coordendas: [0.6632624896494617, 0.6711089957163255, 0.6931224403332863, 0.5505538534056093, 0.46813763308131473, 0.5361753227259081, 0.27142161635832524, 0.7572064682446683, 0.765472312703583, 0.2842824601366742]
 Tipo: M
141 - Coordendas: [0.922715981231024, 0.5021418372203713, 0.9308007343595537, 0.896535470186189, 0.361518284215399, 0.24817372160512352, 0.16918208373904578, 0.6315912819310991, 0.629315960912052, 0.008656036446469211]
 Tipo: M
142 - Coordendas: [0.8417517710920965, 0.3888624464540694, 0.8926705267617568, 0.7821117134103229, 0.6127140873322018, 0.6627639347543282, 0.32960077896786755, 0.9083665338645419, 0.6110749185667752, 0.30296127562642367]
 Tipo: M
143 - Coordendas: [0.7111049774588278, 0.5654450261780105, 0.7309702019488772, 0.6049964647654961, 0.7623823484030242, 0.5656959871910338, 0.3147517039922103, 0.9518397000234357, 0.6299674267100975, 0.35831435079726653]
 Tipo: M
144 - Coordendas: [0.9539976078756095, 0.635411708710138, 0.9491597232029375, 0.9304737214235211, 0.344545594815615, 0.19743820674472126, 0.07037487828627069, 0.3324349660182798, 0.32833876221498376, 0.027790432801822296]
 Tipo: M
145 - Coordendas: [1.299015548808538, 0.5145168967158495, 1.3318740290919362, 1.4618194673580014, 0.5022373090572443, 0.4706294406084258, 0.38266796494644595, 1.3534098898523554, 0.32182410423452773, 0.10842824601366743]
 Tipo: M
146 - Coordendas: [0.9641181341429754, 1.407425035697287, 0.983053241067646, 0.915743577657318, 0.5219873476315384, 0.5321725207645351, 0.3449367088607595, 1.0324584016873681, 0.4879478827361563, 0.17790432801822317]
 Tipo: M
147 - Coordendas: [0.5040942128990707, 0.6820561637315564, 0.5674339782516593, 0.39170398303087434, 0.8379879648202438, 1.081557089962974, 0.5533106134371957, 1.001054605108976, 0.6319218241042346, 0.6965831435079727]
 Tipo: M
148 - Coordendas: [0.6421013892722421, 0.34935744883388864, 0.6727863296144613, 0.5407730379448503, 0.6991205060947386, 0.5226658661062744, 0.23829113924050635, 0.6147176001874853, 0.5524429967426709, 0.2152619589977221]
 Tipo: M
149 - Coordendas: [0.6329009108473639, 0.3436458829128986, 0.6661488490326224, 0.5130803676643884, 0.5911124826415677, 0.64174922445712, 0.24101752677702046, 0.6564330911647528, 0.6814332247557003, 0.3943052391799544]
 Tipo: M
150 - Coordendas: [0.493053638789217, 0.8162779628748216, 0.5276090947606271, 0.39347160028281875, 0.6034562567505016, 0.5596917842489743, 0.26411879259980525, 0.5345676119053199, 0.575244299674267, 0.3990888382687927]
 Tipo: M
151 - Coordendas: [1.1150059803109762, 0.789148024750119, 1.2047733370992797, 1.1648597690313458, 0.8827341459651289, 0.778845191634144, 0.47151898734177217, 1.7213498945394892, 0.3739413680781758, 0.46446469248291566]
 Tipo: M
152 - Coordendas: [0.579538135983071, 0.5030937648738697, 0.614743680271148, 0.47336790007070473, 0.6142570590958186, 0.6012208545982187, 0.23970301850048686, 0.7215842512303726, 0.5954397394136807, 0.36378132118451034]
 Tipo: M
153 - Coordendas: [1.0846444015088783, 0.5578296049500238, 1.1172150826154499, 1.1177233089794956, 0.4145965128838143, 0.5842089462623836, 0.25803310613437197, 0.7136161237403328, 0.5817589576547231, 0.20455580865603648]
 Tipo: M
154 - Coordendas: [0.6246204802649736, 0.5987624940504521, 0.661488490326225, 0.5248644826773509, 0.859589569510878, 0.5166616631642149, 0.3371470301850049, 0.7647058823529411, 0.5042345276872964, 0.3854214123006833]
 Tipo: M
155 - Coordendas: [0.7865489005428281, 1.1351737267967636, 0.8460669396977828, 0.7086966768795663, 0.6482024378953867, 0.7027919543680576, 0.4262414800389484, 0.984180923365362, 0.6716612377850163, 0.33371298405466976]
 Tipo: M
156 - Coordendas: [0.5933388536203882, 0.47215611613517366, 0.5938426775879113, 0.49717181239688896, 0.4041043048912206, 0.19733813669568698, 0.14259980525803312, 0.402859151628779, 0.35048859934853416, 0.11070615034168572]
 Tipo: M
157 - Coordendas: [1.0073603827399022, 0.7029985721085198, 1.008473379466177, 1.0080131982088145, 0.3743249498534178, 0.23431401981386968, 0.13872930866601751, 0.5558940707757207, 0.311400651465798, 0.07403189066059232]
 Tipo: M
158 - Coordendas: [0.6844235900266813, 0.47881960970966203, 0.7158593419008615, 0.58802733914683, 0.5127295170498379, 0.4536175322725907, 0.22852969814995133, 0.6842043590344504, 0.5335504885993485, 0.27448747152619585]
 Tipo: M
159 - Coordendas: [0.4084092372803385, 0.5078534031413612, 0.4771924869368733, 0.2858826302144709, 1.2067582163246413, 1.3032122485740016, 0.5876338851022396, 1.2327161940473401, 1.001302931596091, 1.038496583143508]
 Tipo: M
160 - Coordendas: [0.9015548808538044, 0.4326511185149929, 0.9251518147154355, 0.8753240631628564, 0.37586792161703453, 0.34213949764835383, 0.20501460564751706, 0.7705647996250293, 0.5426710097719869, 0.07949886104783599]
 Tipo: M
161 - Coordendas: [0.5537767963934124, 0.5763921941932414, 0.6172856941110013, 0.4434362479377798, 0.972226508254899, 0.8493945762033424, 0.4525316455696203, 1.0959690649168035, 0.8403908794788273, 0.5020501138952164]
 Tipo: M
162 - Coordendas: [0.9346766031833654, 0.31841980009519266, 1.0197712187544132, 0.9064341267970776, 0.8379879648202438, 1.0215150605423797, 0.5425998052580331, 1.6416686196390908, 1.289902280130293, 0.5075170842824601]
 Tipo: M
163 - Coordendas: [0.9484773208206825, 0.5911470728224655, 0.9971755401779411, 0.9477963704925759, 0.3965437432494986, 0.5196637646352447, 0.23605160662122687, 0.87965783923131, 0.6827361563517913, 0.06355353075170844]
 Tipo: M
164 - Coordendas: [0.7258257429386327, 0.33127082341742037, 0.7746081061996893, 0.6351637991986802, 0.8009566424934425, 0.7077954568197738, 0.41139240506329117, 1.0455823763768457, 0.714657980456026, 0.3605922551252848]
 Tipo: M
165 - Coordendas: [0.8849940196890238, 0.8743455497382199, 0.9110295156051403, 0.8420928588263021, 0.3126060793087487, 0.3945762033423396, 0.22519474196689385, 0.621279587532224, 0.34527687296416937, 0.10546697038724379]
 Tipo: M
166 - Coordendas: [0.80678995307756, 0.5016658733936221, 0.830532410676458, 0.7280226255008249, 0.589569510877951, 0.4851395977184028, 0.2792112950340798, 0.7572064682446683, 0.5700325732899022, 0.2546697038724374]
 Tipo: M
167 - Coordendas: [0.7433066519459012, 0.48167539267015697, 0.7980511227227792, 0.6623851048786237, 0.6111711155685853, 0.6597618332832983, 0.4138266796494645, 1.0329271150691353, 0.517915309446254, 0.25034168564920256]
 Tipo: M
168 - Coordendas: [0.815990431502438, 0.6777724892908139, 0.8460669396977828, 0.7532406316285647, 0.3042740317852184, 0.38406884819373555, 0.24191820837390457, 0.6285446449496134, 0.5127035830618892, 0.034851936218678735]
 Tipo: M
169 - Coordendas: [0.9493973686631704, 0.35078534031413605, 0.9774043214235278, 0.9246995050671695, 0.5633389908964667, 0.40358250775542875, 0.3081791626095423, 0.9787907194750409, 0.4905537459283386, 0.09749430523917993]
 Tipo: M
