0 - Coordendas: [0.40380899806789944, 0.35383282806409694, 0.40079084875017656, 0.2975489040773038, 0.31145617044326085, 0.15010756894191277, 0.07664536741214058, 0.27866119517825083, 0.566250742721331, 0.1783646050498031]
 Tipo: B
1 - Coordendas: [0.3826478976906799, 0.14508445214378515, 0.38765711057760194, 0.28411501296252656, 0.18154735036562245, 0.20174066106004304, 0.1439297124600639, 0.18863811233649658, 0.3743315508021391, 0.2080148251100302]
 Tipo: B
2 - Coordendas: [0.5436562701260466, 0.10394110004330871, 0.5380595961022454, 0.43884044308272446, 0.1527489392434775, 0.08757089771171522, 0.07220447284345047, 0.15016670941266994, 0.1645870469399882, 0.09173036831132729]
 Tipo: B
3 - Coordendas: [0.26635385040022075, 0.28367258553486346, 0.2701595819799464, 0.17900070704690074, 0.5079895278505011, 0.2588499902210053, 0.05610223642172524, 0.2503205950243652, 0.5193107546048722, 0.25480657864257594]
 Tipo: B
4 - Coordendas: [0.39460851964302135, 0.2070160242529233, 0.41787883067363363, 0.2928352580721188, 0.28003972194637544, 0.4499315470369646, 0.3217252396166134, 0.3535521928699667, 0.44563279857397503, 0.4788047255038222]
 Tipo: B
5 - Coordendas: [0.3992087588554605, 0.7085318319618882, 0.3950007061149556, 0.2971953806269149, 0.14624898438205292, 0.09167807549383922, 0.052172523961661346, 0.04007437804565274, 0.4806892453951278, 0.10261755848969185]
 Tipo: B
6 - Coordendas: [0.6338209586898518, 0.23776526634906883, 0.6316904392035023, 0.530520857883573, 0.31416448496885435, 0.17377273616272246, 0.047987220447284346, 0.2677609643498333, 0.21628045157456924, 0.16168635626592545]
 Tipo: B
7 - Coordendas: [0.5188149783788756, 0.278475530532698, 0.5201242762321706, 0.41173697855291064, 0.2997201408323554, 0.17074124779972621, 0.09476038338658146, 0.2913567581431136, 0.43909685086155675, 0.14848274264535558]
 Tipo: B
8 - Coordendas: [0.43509062471248505, 0.2802078822000866, 0.43623781951701746, 0.32618430355880274, 0.40724022749842015, 0.20550557402699005, 0.12169329073482428, 0.4153629135675815, 0.27094474153297693, 0.21079453324067635]
 Tipo: B
9 - Coordendas: [0.5758579446131198, 0.40753572975313973, 0.6083886456715154, 0.47065755361772327, 0.2727272727272727, 0.5032270682573833, 0.32268370607028757, 0.36329828161066946, 0.3214497920380273, 0.28885800324299293]
 Tipo: B
10 - Coordendas: [0.44337105529487536, 0.2832394976180165, 0.4444287530009886, 0.33985387697383923, 0.34521982486232744, 0.20995501662429103, 0.09115015974440895, 0.21005385996409337, 0.4676173499702912, 0.19318971507991664]
 Tipo: B
11 - Coordendas: [0.1605483485141228, 0.22130792550887823, 0.17017370427905668, 0.10299316521329249, 0.5630585898709038, 0.3062292196362214, 0.13201277955271568, 0.24672993075147476, 0.3499702911467617, 0.5670604586518415]
 Tipo: B
12 - Coordendas: [0.6485417241696567, 0.45604157644001725, 0.6496257590735772, 0.5419514494461466, 0.34368511329782436, 0.24481713279874828, 0.04670926517571885, 0.24313926647858428, 0.27153891859774215, 0.1505675237433403]
 Tipo: B
13 - Coordendas: [0.49765387800165606, 0.29276743178865305, 0.5204067222143764, 0.37638463351402307, 0.46555926694953514, 0.5394093487189517, 0.18824281150159744, 0.3693254680687356, 0.42721330956625075, 0.3249942089413944]
 Tipo: B
14 - Coordendas: [0.4093292851228263, 0.2854049372022519, 0.4218330744245163, 0.29990572707989627, 0.5106978423760947, 0.3690592607079992, 0.06488817891373802, 0.23865093613747118, 0.3475935828877006, 0.31897150799166085]
 Tipo: B
15 - Coordendas: [0.4479712945073143, 0.2919012559549588, 0.44838299675187127, 0.3407966061748762, 0.2806716620023473, 0.18110698220222962, 0.08587859424920129, 0.2923826622210824, 0.48425430778371953, 0.12277044243687746]
 Tipo: B
16 - Coordendas: [0.49121354310424137, 0.07232568211346901, 0.49512780680694807, 0.3777987273155786, 0.4529204658300985, 0.24657735184823001, 0.12738019169329073, 0.47448063606052837, 0.5341651812240047, 0.1783646050498031]
 Tipo: B
17 - Coordendas: [0.280522587174533, 0.45734084019055865, 0.273972602739726, 0.19302380391232618, 0.2576509885348019, 0.09651867787991396, 0.007891373801916932, 0.0661579892280072, 0.3386809269162211, 0.2904794996525366]
 Tipo: B
18 - Coordendas: [0.6025393320452662, 0.009527934170636588, 0.6230758367462222, 0.48986566108885227, 0.6903493725738016, 0.41717191472716614, 0.21971246006389775, 0.8407283918953578, 0.7979797979797981, 0.3372712531850822]
 Tipo: B
19 - Coordendas: [0.5537767963934124, 0.43568644434820264, 0.5609377206609236, 0.4429648833372613, 0.5495170172429359, 0.2763054957950323, 0.10019169329073482, 0.33918953577840477, 0.8793820558526442, 0.20894139448691224]
 Tipo: B
20 - Coordendas: [0.762627656638145, 0.09484625378951923, 0.7679706256178506, 0.685835493754419, 0.26351900334025463, 0.2098572266770976, 0.18824281150159744, 0.4048473967684022, 0.17765894236482468, 0.07899003937919845]
 Tipo: B
21 - Coordendas: [0.3016836875517526, 0.06496318752706799, 0.3101256884620816, 0.2098750883808626, 0.42728175498781257, 0.2740074320359867, 0.06143769968051118, 0.25237240318030263, 0.43969102792632203, 0.32059300440120453]
 Tipo: B
22 - Coordendas: [0.6052994755727298, 0.13772195755738412, 0.632679000141223, 0.4923403252415743, 0.4736842105263158, 0.4880696264424017, 0.2511182108626198, 0.5707873813798411, 0.5359477124183007, 0.25897614083854537]
 Tipo: B
23 - Coordendas: [0.6338209586898518, 0.4322217410134256, 0.6493433130913712, 0.5200329955220362, 0.3895459059312089, 0.40299237238411895, 0.11782747603833867, 0.30379584508848423, 0.3327391562685681, 0.34815844336344676]
 Tipo: B
24 - Coordendas: [0.42220995491765567, 0.36032914681680367, 0.4294591159440757, 0.31369314164506246, 0.2963798862507899, 0.2828085272833953, 0.17523961661341855, 0.18312387791741472, 0.5769459298871064, 0.2506370164466066]
 Tipo: B
25 - Coordendas: [0.6494617720121445, 0.22780424426158505, 0.6494845360824743, 0.5511430591562574, 0.28843549697571547, 0.19347741052219833, 0.11290734824281151, 0.3775327006924853, 0.3885918003565062, 0.16516099142923324]
 Tipo: B
26 - Coordendas: [0.43877081608243623, 0.4097011693373754, 0.4562914842536364, 0.3255950978081546, 0.5079895278505011, 0.4631331899080775, 0.2186261980830671, 0.4793536804308797, 0.554367201426025, 0.29372249247162396]
 Tipo: B
27 - Coordendas: [0.45717177293219236, 0.18362927674317886, 0.4722496822482701, 0.3337261371670987, 0.5702807619391533, 0.4949149227459418, 0.03741214057507987, 0.2291613234162606, 0.8312537136066549, 0.32337271253185074]
 Tipo: B
28 - Coordendas: [0.43509062471248505, 0.20485058466868766, 0.4411806242056207, 0.32618430355880274, 0.5630585898709038, 0.2612458439272443, 0.12798722044728433, 0.4167735316747885, 0.5638740344622697, 0.30599953671531177]
 Tipo: B
29 - Coordendas: [0.478332873309412, 0.14551754006063225, 0.4725321282304759, 0.37461701626207866, 0.2230748397580573, 0.062292196362213975, 0.03587859424920128, 0.06477301872274943, 0.364230540701129, 0.10748204771832288]
 Tipo: B
30 - Coordendas: [0.5491765571809732, 0.2295365959289735, 0.5557124699901144, 0.43624793777987275, 0.4321567211338811, 0.29361431644826913, 0.1966453674121406, 0.4321620928443191, 0.398098633392751, 0.2976604123233726]
 Tipo: B
31 - Coordendas: [0.6108197626276565, 0.5417929839757469, 0.6129077813868097, 0.5063634221069998, 0.35957389184797334, 0.23513592802659888, 0.09501597444089456, 0.3132854578096948, 0.3588829471182412, 0.14269168403984248]
 Tipo: B
32 - Coordendas: [0.6080596191001931, 0.3083585967951493, 0.5994915972320293, 0.5053028517558331, 0.2423941500406247, 0.10336397418345394, 0.06380191693290735, 0.15875865606565787, 0.3048128342245989, 0.07760018531387536]
 Tipo: B
33 - Coordendas: [0.24721685527647427, 0.3196188826331745, 0.24389210563479738, 0.1682771623851049, 0.27516475580030697, 0.1706434578525328, 0.047252396166134185, 0.0739805078225186, 0.3683897801544861, 0.2842251563585823]
 Tipo: B
34 - Coordendas: [0.41300947649277764, 0.2299696838458207, 0.41279480299392735, 0.30544426113598866, 0.344226776202943, 0.19303735575982792, 0.0826517571884984, 0.29776865863041807, 0.3410576351752822, 0.2749594625897614]
 Tipo: B
35 - Coordendas: [0.32468488361394787, 0.4101342572542226, 0.3509391328908346, 0.22472307329719537, 0.5377809876320303, 0.5423430471347546, 0.20690095846645368, 0.39343421390100025, 0.5121806298276887, 0.6015751679406997]
 Tipo: B
36 - Coordendas: [0.7377863648909743, 0.20744911216977038, 0.7578025702584381, 0.6375206222012727, 0.28058138485149414, 0.44113045178955607, 0.20782747603833865, 0.48473967684021546, 0.4878193701723113, 0.16724577252721795]
 Tipo: B
37 - Coordendas: [0.24795289355046463, 0.10480727587700302, 0.2871063409123006, 0.15201508366721658, 0.6578495982666788, 0.9828867592411501, 0.3795527156549521, 0.9025391125929726, 0.5923945335710041, 1.0169098911280985]
 Tipo: B
38 - Coordendas: [0.5050142607415585, 0.2854049372022519, 0.5177234853834205, 0.39665331133631865, 0.33086575787668143, 0.2783101897124976, 0.11530351437699679, 0.30379584508848423, 0.27688651218062993, 0.19944405837387078]
 Tipo: B
39 - Coordendas: [0.6476216763271689, 0.2139454309224772, 0.6468012992515182, 0.545604525100165, 0.24401913875598083, 0.17812438881283005, 0.06667731629392971, 0.34008720184662733, 0.3143196672608438, 0.09288858003242993]
 Tipo: B
40 - Coordendas: [0.23212807065967425, 0.07449112169770457, 0.2337240502753849, 0.15366485976903133, 0.44930937979597374, 0.22266770975943678, 0.09444089456869009, 0.26622210823288023, 0.44860368389780153, 0.3984248320593005]
 Tipo: B
41 - Coordendas: [0.8426718189345845, 0.17929839757470759, 0.8545403191639598, 0.7736271506009899, 0.3820529024104, 0.3208977117152357, 0.1757188498402556, 0.5806617081302898, 0.4010695187165775, 0.15983321751216117]
 Tipo: B
42 - Coordendas: [0.5905787100929248, 0.26981377219575564, 0.5887586499082051, 0.4818524628800377, 0.24140110138124038, 0.18374731077645218, 0.06968051118210862, 0.18889458835598874, 0.3505644682115271, 0.1195274496177901]
 Tipo: B
43 - Coordendas: [0.7469868433158523, 0.245560848852317, 0.7878830673633668, 0.6257365071883101, 0.5630585898709038, 0.7887737140621944, 0.3635782747603834, 1.0943831751731214, 0.5591206179441474, 0.2969654852907113]
 Tipo: B
44 - Coordendas: [0.3467660318336553, 0.18406236466002596, 0.34557265922892255, 0.24958755597454632, 0.22840119165839126, 0.15651281048308233, 0.07191693290734824, 0.1009874326750449, 0.2014260249554367, 0.11651609914292334]
 Tipo: B
45 - Coordendas: [0.5988591406753151, 0.5015158077089649, 0.6089535376359271, 0.4919868017911855, 0.3149769793265325, 0.28163504791707417, 0.15178913738019167, 0.43395742498076434, 0.44503862150920975, 0.12346536946953908]
 Tipo: B
46 - Coordendas: [0.5215751219063391, 0.32265049805110435, 0.5493574353904815, 0.40313457459344804, 0.49625349823959564, 0.5575004889497359, 0.2561341853035144, 0.6506796614516543, 0.3452168746286393, 0.3866110725040539]
 Tipo: B
47 - Coordendas: [0.2285398840739718, 0.4456474664356864, 0.23047592148001694, 0.14836200801319818, 0.46736480996659757, 0.2853021709368277, 0.0693929712460064, 0.19286996665811748, 0.3903743315508021, 0.39703497799397724]
 Tipo: B
48 - Coordendas: [0.6319808630048761, 0.19315721091381544, 0.638327919785341, 0.5230968654254066, 0.3839487225783154, 0.28114609818110703, 0.14309904153354633, 0.4758912541677353, 0.623885918003565, 0.15473708593930968]
 Tipo: B
49 - Coordendas: [0.5151347870089245, 0.33261152013858797, 0.5089676599350373, 0.4071411736978553, 0.2825674821702628, 0.1113827498533151, 0.005942492012779553, 0.03749679404975635, 0.3784907902554961, 0.15520037062775072]
 Tipo: B
50 - Coordendas: [0.4985739258441439, 0.30142919012559544, 0.5321282304759215, 0.38215884987037474, 0.4763925250519094, 0.5486993937023273, 0.2473162939297125, 0.35893818927930243, 0.4462269756387404, 0.44405837387074365]
 Tipo: B
51 - Coordendas: [0.7258257429386327, 0.4110004330879168, 0.7390199124417456, 0.6332783407966062, 0.3903584002888869, 0.3132700958341482, 0.21801916932907348, 0.6349063862528854, 0.25371360665478315, 0.13041463979615484]
 Tipo: B
52 - Coordendas: [0.5583770356058515, 0.13512343005630137, 0.5496398813726874, 0.4561630921517794, 0.2788661189852848, 0.08786426755329553, 0.014565495207667731, 0.11322133880482176, 0.23351158645276301, 0.07713690062543434]
 Tipo: B
53 - Coordendas: [0.4893734474192658, 0.2243395409268081, 0.49484536082474223, 0.37732736271506007, 0.25431073395323645, 0.2598767846665363, 0.1228115015974441, 0.2121056681200308, 0.3606654783125371, 0.06694463747973123]
 Tipo: B
54 - Coordendas: [0.2016744870733278, 0.1359896058899956, 0.2176246292896484, 0.13834551025218003, 0.22190123679696672, 0.33312145511441427, 0.19130990415335464, 0.2795588612464735, 0.7611408199643493, 0.4118600880240908]
 Tipo: B
55 - Coordendas: [0.22228355874505473, 0.47466435686444336, 0.2253918938003107, 0.14765496111242046, 0.2442899702085402, 0.20120281635047918, 0.11932907348242812, 0.06576045139779431, 0.1271538918597743, 0.3564975677553856]
 Tipo: B
56 - Coordendas: [0.531695648173705, 0.35166738847986134, 0.5377771501200396, 0.4160971011077068, 0.3983930667148145, 0.29405437121063954, 0.08587859424920129, 0.22839189535778406, 0.41532976827094475, 0.23117905953208256]
 Tipo: B
57 - Coordendas: [0.7331861256785351, 0.3486357730619315, 0.7633102669114532, 0.643412679707754, 0.2595468087027173, 0.4758458830432232, 0.28913738019169327, 0.4567837907155681, 0.40641711229946526, 0.3029881862404448]
 Tipo: B
58 - Coordendas: [0.43509062471248505, 0.2576873105240364, 0.4368027114814292, 0.3300730615130804, 0.4736842105263158, 0.20325640524154118, 0.11476038338658147, 0.33341882533983075, 0.16577540106951869, 0.17604818160759797]
 Tipo: B
59 - Coordendas: [0.5565369399208757, 0.3334776959722824, 0.548227651461658, 0.44814989394296484, 0.3358310011736029, 0.08938001173479367, 0.08185303514376997, 0.3748397024878174, 0.24183006535947713, 0.157053509381515]
 Tipo: B
60 - Coordendas: [0.5960989971478516, 0.34776959722823725, 0.6164383561643835, 0.4803205279283526, 0.4953507267310644, 0.4616663407001761, 0.13421725239616614, 0.4042062067196717, 0.393939393939394, 0.2622191336576327]
 Tipo: B
61 - Coordendas: [0.493053638789217, 0.18319618882633165, 0.487219319305183, 0.38369078482205987, 0.3086575787668141, 0.12874046548014864, 0.06738019169329074, 0.2634008720184663, 0.30362448009506826, 0.12114894602733378]
 Tipo: B
62 - Coordendas: [0.7350262213635109, 0.26981377219575564, 0.740432142352775, 0.6391703983030874, 0.41455267671752283, 0.2907784079796597, 0.08313099041533546, 0.4848679148499616, 0.427807486631016, 0.10771369006254349]
 Tipo: B
63 - Coordendas: [0.4645321556720948, 0.3122563880467734, 0.4561502612625336, 0.3564694791421164, 0.21847070506454813, 0.09554077840797968, 0.004939297124600639, 0.07171069505001283, 0.19132501485442657, 0.20500347463516327]
 Tipo: B
64 - Coordendas: [0.377127610635753, 0.17280207882200085, 0.37311114249399796, 0.2700919160971011, 0.4330594926424122, 0.18604537453549777, 0.07549520766773163, 0.33123877917414724, 0.30065359477124176, 0.3437572388232569]
 Tipo: B
65 - Coordendas: [0.6365811022173152, 0.36899090515374605, 0.6346561220166643, 0.5413622436954985, 0.24627606752730882, 0.16565617054566792, 0.09568690095846645, 0.2654526801744037, 0.3083778966131908, 0.09474171878619404]
 Tipo: B
66 - Coordendas: [0.37528751495077745, 0.17799913382416627, 0.3745233724050276, 0.2765731793542305, 0.22370677981402914, 0.13837277527870137, 0.08664536741214057, 0.09292126186201591, 0.28223410576351754, 0.23835997220291874]
 Tipo: B
67 - Coordendas: [0.5951789493053637, 0.3282806409701169, 0.6045756249117356, 0.4850341739335376, 0.4475038367789113, 0.3044690005867397, 0.12696485623003195, 0.35650166709412673, 0.3434343434343434, 0.12161223071577482]
 Tipo: B
68 - Coordendas: [0.5960989971478516, 0.7574707665656127, 0.5945487925434261, 0.4932830544426114, 0.2034846980229304, 0.13631918638763937, 0.040607028753993614, 0.14324185688638114, 0.21449792038027335, 0.13388927495946262]
 Tipo: B
69 - Coordendas: [0.25301315668414753, 0.20008661758336935, 0.2823047592148002, 0.18465708225312277, 0.4926424122054709, 0.6870721689810287, 1.3124600638977635, 1.0075660425750192, 0.8841354723707667, 0.9522816770905723]
 Tipo: B
70 - Coordendas: [0.3660870365258994, 0.29883066262451274, 0.3813020759779693, 0.2617251944378977, 0.3993861153741988, 0.3820653236847252, 0.16814696485623004, 0.35752757117209544, 0.33214497920380265, 0.28329858698170024]
 Tipo: B
71 - Coordendas: [0.5197350262213635, 0.43482026851450845, 0.5417313938709223, 0.3970068347867075, 0.42159429448406616, 0.4963817719538432, 0.3402555910543131, 0.7721210566812003, 0.4010695187165775, 0.4366458188556869]
 Tipo: B
72 - Coordendas: [0.6991443555064862, 0.12732784755305324, 0.7131761050699055, 0.6072354466179589, 0.41247630224790116, 0.3412869157050656, 0.26268370607028757, 0.55770710438574, 0.40344622697563876, 0.10539726662033817]
 Tipo: B
73 - Coordendas: [0.4617720121446315, 0.2135123430056301, 0.4682954384973874, 0.35328776808861656, 0.4026360928049111, 0.25557402699002546, 0.13261980830670925, 0.23890741215696334, 0.6054664289958408, 0.18137595552466987]
 Tipo: B
74 - Coordendas: [0.7304259821510718, 0.18233001299263743, 0.743680271148143, 0.6403488098043837, 0.25593572266859255, 0.323244670447878, 0.17696485623003194, 0.4130546293921519, 0.3725490196078431, 0.11211489460273333]
 Tipo: B
75 - Coordendas: [0.24859692704020606, 0.3733217843222173, 0.24375088264369435, 0.1675701154843271, 0.2914146429538684, 0.1511832583610405, 0.07466453674121405, 0.12330084637086433, 0.30897207367795604, 0.24322446143154977]
 Tipo: B
76 - Coordendas: [0.5427362222835588, 0.7882200086617583, 0.5466741985595255, 0.4369549846806504, 0.25819265143992054, 0.19000586739683162, 0.19792332268370608, 0.3004616568350859, 0.30065359477124176, 0.12114894602733378]
 Tipo: B
77 - Coordendas: [0.5040942128990707, 0.09138155045474228, 0.49484536082474223, 0.39335375913268916, 0.1903945111492281, 0.10292391942108352, 0.022916932907348243, 0.14734547319825597, 0.3285799168152109, 0.19179986101459356]
 Tipo: B
78 - Coordendas: [0.37528751495077745, 0.18362927674317886, 0.39118768535517573, 0.2715060098986566, 0.4574343233727544, 0.3500391159788773, 0.17242811501597444, 0.42844319056168256, 0.4254307783719549, 0.3988881167477417]
 Tipo: B
79 - Coordendas: [0.61357990615512, 0.10567345171069724, 0.6226521677729133, 0.5012962526514259, 0.395684752189221, 0.3311656561705458, 0.12421725239616613, 0.3286740189792255, 0.1782531194295901, 0.2684734769515867]
 Tipo: B
80 - Coordendas: [0.6559021069095592, 0.0935469900389779, 0.653015110860048, 0.5573886401131275, 0.36526135235171986, 0.16467827107373365, 0.05638977635782747, 0.35047448063606057, 0.18597742127153896, 0.11929580727356967]
 Tipo: B
81 - Coordendas: [0.7046646425614131, 0.26548289302728456, 0.7120463211410817, 0.615720009427292, 0.3049562155818363, 0.23274007432035987, 0.1658785942492013, 0.3579122852013337, 0.2073677956030897, 0.03937919851748901]
 Tipo: B
82 - Coordendas: [0.5730978010856564, 0.6292767431788652, 0.5692698771359976, 0.464765496111242, 0.3184977882098041, 0.1597398787404655, 0.08856230031948882, 0.2651962041549115, 0.33214497920380265, 0.09242529534398891]
 Tipo: B
83 - Coordendas: [0.14867973134602994, 0.3412732784755305, 0.14545968083604016, 0.09156257365071882, 0.4944479552225332, 0.19113045178955604, 0.0, 0.0, 0.6553773024361259, 0.5035904563354182]
 Tipo: B
84 - Coordendas: [0.7046646425614131, 0.19575573841489818, 0.7340771077531422, 0.5991044072590148, 0.5468087027173423, 0.5599452376295716, 0.3184025559105431, 0.9058733008463709, 0.627450980392157, 0.2689367616400279]
 Tipo: B
85 - Coordendas: [0.540896126598583, 0.31528800346470326, 0.5564185849456291, 0.42752769267028046, 0.42168457163491924, 0.37199295912380215, 0.12424920127795527, 0.29687099256219546, 0.3909685086155675, 0.18809358350706518]
 Tipo: B
86 - Coordendas: [0.5675775140307295, 0.20008661758336935, 0.5863578590594549, 0.46594390761253823, 0.37203213866570384, 0.3207510267944455, 0.29690095846645365, 0.44665298794562713, 0.45276292335115864, 0.23673847579337506]
 Tipo: B
87 - Coordendas: [0.26892998435918664, 0.31788653096578595, 0.2938850444852421, 0.1872495875559745, 0.40046944118443634, 0.5379424995110502, 0.4175718849840256, 0.4765324442164658, 0.3618538324420677, 0.6789437109103544]
 Tipo: B
88 - Coordendas: [0.4516514858772656, 0.28757037678648756, 0.45770371416466604, 0.3442139995286354, 0.630766453010743, 0.2577743008018776, 0.18942492012779552, 0.949474224160041, 0.5674390968508616, 0.15983321751216117]
 Tipo: B
89 - Coordendas: [0.5537767963934124, 0.6240796881766997, 0.548227651461658, 0.4439076125382984, 0.28040083054978787, 0.15328574222569918, 0.03853035143769968, 0.2259553731726084, 0.3606654783125371, 0.061153578874218135]
 Tipo: B
90 - Coordendas: [0.43141043334253376, 0.40277176266782144, 0.44372263804547374, 0.32135281640348806, 0.44208720772772414, 0.36744572657930763, 0.134185303514377, 0.2766093870223134, 0.4747474747474748, 0.29557563122538805]
 Tipo: B
91 - Coordendas: [0.6890238292391204, 0.61801645734084, 0.7346419997175541, 0.6044072590148479, 0.3226505371490476, 0.5066497164091531, 0.32236421725239617, 0.4988458579122852, 0.4824717765894237, 0.2677785499189251]
 Tipo: B
92 - Coordendas: [0.7552672738982426, 0.10783889129493286, 0.7606270300804971, 0.6696912561866603, 0.2437483073034216, 0.24427928808918445, 0.10840255591054314, 0.3407283918953578, 0.39275103980986337, 0.08315960157516802]
 Tipo: B
93 - Coordendas: [0.3587266537859969, 0.2122130792550887, 0.375935602316057, 0.2538298373792128, 0.4339622641509434, 0.42792880891844315, 0.1634185303514377, 0.2014619133111054, 0.47593582887700525, 0.3826731526523049]
 Tipo: B
94 - Coordendas: [0.6844235900266813, 0.2520571676050237, 0.7111989831944642, 0.586495404195145, 0.4051638530287984, 0.4621552904361432, 0.255814696485623, 0.5415491151577327, 0.5062388591800357, 0.2842251563585823]
 Tipo: B
95 - Coordendas: [0.4654522035145826, 0.7544391511476829, 0.4668832085863578, 0.36106528399717175, 0.3149769793265325, 0.19861138274985332, 0.07562300319488818, 0.30482174916645294, 0.4717765894236483, 0.11883252258512864]
 Tipo: B
96 - Coordendas: [0.8454319624620481, 0.23170203551320914, 0.8827849173845501, 0.7600754183360829, 0.4168096054888508, 0.6083512614903188, 0.2124920127795527, 0.6921005385996409, 0.5525846702317291, 0.3212879314338662]
 Tipo: B
97 - Coordendas: [0.6945441162940471, 0.1411866608921611, 0.7071035164524785, 0.5900306386990337, 0.517017242935813, 0.3571288871504009, 0.22028753993610223, 0.8329058733008463, 0.3505644682115271, 0.21681723419041005]
 Tipo: B
98 - Coordendas: [0.3513662710460944, -0.0437418796015591, 0.35277503177517294, 0.2522979024275277, 0.39099034034485874, 0.18570310972032078, 0.08086261980830671, 0.2177481405488587, 0.19073083778966132, 0.28144544822793616]
 Tipo: B
99 - Coordendas: [0.4332505290275093, 0.5941966219142485, 0.46010450501341627, 0.3098043836907848, 0.6406969396045863, 0.6640915313905731, 0.1442492012779553, 0.5810464221595282, 0.6363636363636365, 0.5142460041695623]
 Tipo: B
100 - Coordendas: [0.540896126598583, 0.11260285838025116, 0.5511933342748199, 0.4257600754183361, 0.5486142457344046, 0.33717973792294154, 0.12140575079872204, 0.43600923313670176, 0.2869875222816399, 0.29905026638869586]
 Tipo: B
101 - Coordendas: [0.48201306467936333, 0.4036379385015157, 0.5038836322553312, 0.36483620080131984, 0.5143089284102195, 0.468511637003716, 0.2611821086261981, 0.2777635291100282, 0.6322043969102793, 0.39587676627287477]
 Tipo: B
102 - Coordendas: [0.2851228263869721, 0.1901255954958856, 0.28202231323259425, 0.20504360122554796, 0.36146971201588884, 0.1348034422061412, 0.005102236421725239, 0.030828417542959733, 0.382055852644088, 0.19990734306231178]
 Tipo: B
103 - Coordendas: [1.8804857852608332, 0.6734517106972714, 2.02104222567434, 2.7781051143059154, 0.5034756703078451, 0.8772736162722473, 1.1613418530351438, 2.165939984611439, 0.5947712418300654, 0.10145934676858936]
 Tipo: M
104 - Coordendas: [0.7828687091728769, 0.40060632308358585, 0.8277079508543992, 0.7084609945793071, 0.5720863049562158, 0.6689810287502446, 0.6041533546325878, 1.1686329828161068, 0.5163398692810457, 0.3611304146397962]
 Tipo: M
105 - Coordendas: [0.6098997147851687, 0.617583369423993, 0.6250529586216635, 0.5175583313693142, 0.3814209623544282, 0.3213866614512029, 0.2755591054313099, 0.5756604257501924, 0.32620320855614965, 0.1589066481352791]
 Tipo: M
106 - Coordendas: [0.6421013892722421, 0.2741446513642269, 0.6727863296144613, 0.5407730379448503, 0.5143089284102195, 0.5306082534715432, 0.31274760383386585, 0.6727365991279816, 0.5038621509209744, 0.21890201528839476]
 Tipo: M
107 - Coordendas: [1.299015548808538, 0.42442615851017745, 1.3318740290919362, 1.4618194673580014, 0.3991152839216394, 0.47975748093096027, 0.5022364217252396, 1.4811490125673252, 0.2935234699940583, 0.11026175584896922]
 Tipo: M
108 - Coordendas: [0.5979390928328273, 0.4374187960155911, 0.629995763310267, 0.48986566108885227, 0.44208720772772414, 0.5188734598083318, 0.3396166134185304, 0.6974865350089767, 0.392156862745098, 0.285846652768126]
 Tipo: M
109 - Coordendas: [0.5031741650565829, 0.21567778258986564, 0.5476627594972461, 0.3931180768324299, 0.6786133429628961, 0.7364560923137102, 0.5041533546325878, 1.0373172608361119, 0.6102198455139631, 0.5624276117674313]
 Tipo: M
110 - Coordendas: [0.7635477044806328, 0.5062797747942831, 0.7785623499505719, 0.6682771623851049, 0.34251151033673377, 0.4196166634070018, 0.17172523961661343, 0.4184406258014876, 0.3963161021984551, 0.2622191336576327]
 Tipo: M
111 - Coordendas: [0.7083448339313643, 0.40753572975313973, 0.7195311396695381, 0.6375206222012727, 0.41563600252776023, 0.25728535106591044, 0.23626198083067093, 0.6744036932546807, 0.31253713606654776, 0.1707204076905259]
 Tipo: M
112 - Coordendas: [0.6292207194774128, 0.596362061498484, 0.6854963988137268, 0.5331133631864247, 0.573891847973278, 0.7271660473303345, 0.4335463258785942, 0.8667607078738139, 0.7219251336898396, 0.4753300903405144]
 Tipo: M
113 - Coordendas: [1.0552028705492684, 0.48462537895192714, 1.0790848750176527, 1.0976903134574594, 0.37618488760494717, 0.37996283982006657, 0.368370607028754, 0.8780456527314697, 0.3755199049316696, 0.1255501505675238]
 Tipo: M
114 - Coordendas: [1.187689759867513, 0.41316587267215243, 1.2245445558536932, 1.2614895121376384, 0.46104540940687916, 0.5457656952865246, 0.45079872204472843, 1.2094126699153631, 0.44087938205585264, 0.23233727125318507]
 Tipo: M
115 - Coordendas: [0.439690863924924, 0.32135123430056295, 0.44075695523231184, 0.3389111477728023, 0.42475399476392534, 0.1944064150205359, 0.08578274760383386, 0.45075660425750197, 0.33214497920380265, 0.2552698633310168]
 Tipo: M
116 - Coordendas: [0.7653878001656086, 0.6301429190125594, 0.8277079508543992, 0.6939665331133631, 0.5016701272907828, 0.7349892431058087, 0.5376996805111821, 1.1222108232880228, 0.5145573380867499, 0.3138753764188094]
 Tipo: M
117 - Coordendas: [1.284294783328733, 0.5560848852317019, 1.3431718683801726, 1.4382512373320764, 0.4339622641509434, 0.6904948171327987, 0.8664536741214057, 1.6799179276737628, 0.6803327391562686, 0.16516099142923324]
 Tipo: M
118 - Coordendas: [1.042322200754439, 0.34040710264183616, 1.0564891964411807, 1.0576243224133868, 0.30017152658662094, 0.3192841775865441, 0.26099041533546324, 0.74557578866376, 0.3333333333333333, 0.055594162612925636]
 Tipo: M
119 - Coordendas: [1.1002852148311713, 0.4586401039410999, 1.1271006919926565, 1.1625029460287533, 0.3381782070957841, 0.40837081947975756, 0.3450479233226837, 1.0196204154911517, 0.3101604278074867, 0.06393328700486446]
 Tipo: M
120 - Coordendas: [0.628300671634925, 0.5643135556517972, 0.6746222284987996, 0.5353523450388875, 0.7192380608467998, 0.769704674359476, 0.49776357827476037, 1.1767119774301102, 0.7076648841354723, 0.5179522816770906]
 Tipo: M
121 - Coordendas: [1.2060907167172692, 0.5690775227371155, 1.2838582121169326, 1.3003770916804147, 0.4998645842737204, 0.8039311558771758, 0.7293929712460064, 1.6414465247499361, 0.7064765300059417, 0.5290711141996759]
 Tipo: M
122 - Coordendas: [0.4470512466648265, 0.3456041576440016, 0.48213529162547675, 0.35010605703511666, 0.5260449580211249, 0.646489340895756, 0.3891373801916933, 0.6645293665042319, 0.7373737373737373, 0.6055130877924486]
 Tipo: M
123 - Coordendas: [0.7249056950961449, 0.5409268081420527, 0.7994633526338089, 0.6220834315342917, 0.46736480996659757, 0.8733620183845102, 0.5421725239616613, 1.1384970505257759, 0.4022578728461081, 0.34445216585591854]
 Tipo: M
124 - Coordendas: [0.9392768423958046, 0.4915547856214811, 0.9576331026691145, 0.924817346217299, 0.4029069242574705, 0.3450518286720125, 0.28948881789137376, 0.8370094896127213, 0.4795008912655972, 0.09149872596710686]
 Tipo: M
125 - Coordendas: [1.1794093292851227, 0.46946730186227786, 1.2132467165654568, 1.2803440961583785, 0.3719418615148506, 0.543809896342656, 0.4063897763578275, 1.1145165427032573, 0.6143790849673203, 0.09173036831132729]
 Tipo: M
126 - Coordendas: [0.922715981231024, 0.41316587267215243, 0.9308007343595537, 0.896535470186189, 0.31678252234359494, 0.2623704283199687, 0.22204472843450482, 0.6912028725314184, 0.5739750445632799, 0.008802409080379858]
 Tipo: M
127 - Coordendas: [1.1472076547980492, 0.37288869640537015, 1.1680553594125125, 1.208460994579307, 0.45923986638981673, 0.4861138274985332, 0.44057507987220446, 1.1016927417286484, 0.4254307783719549, 0.10701876302988186]
 Tipo: M
128 - Coordendas: [1.2290919127794644, 0.46730186227804243, 1.300804971049287, 1.3204100872024511, 0.5811140200415277, 0.8220222961079602, 0.8194888178913738, 1.9286996665811749, 0.896613190730838, 0.34398888116747733]
 Tipo: M
129 - Coordendas: [0.6706228723893641, 0.5123430056301429, 0.7058325095325518, 0.5730615130803676, 0.4619481809154104, 0.46948953647565034, 0.4674121405750799, 0.7872531418312388, 0.5145573380867499, 0.18461894834375722]
 Tipo: M
130 - Coordendas: [0.5243352654338025, 0.5682113469034212, 0.5493574353904815, 0.4189252887108178, 0.5377809876320303, 0.5222961079601017, 0.3603833865814696, 0.881379840984868, 0.5020796197266786, 0.32545749362983556]
 Tipo: M
131 - Coordendas: [1.0368019136995121, 0.401039411000433, 1.0706114955514758, 1.0564459109120905, 0.3791640335831002, 0.43819675337375324, 0.3600638977635783, 0.9489612721210567, 0.43612596553773025, 0.1290247857308316]
 Tipo: M
132 - Coordendas: [0.6660226331769252, 0.5370290168904287, 0.714305888998729, 0.5496111242045721, 0.4953507267310644, 1.0850772540582827, 0.6329073482428115, 0.8486791484996153, 0.7866904337492574, 0.545981005327774]
 Tipo: M
133 - Coordendas: [1.1692888030177568, 0.45604157644001725, 1.2174834062985456, 1.2485269856233796, 0.5143089284102195, 0.6870721689810287, 0.6306709265175718, 1.6401641446524753, 0.5995246583481878, 0.1885568681955062]
 Tipo: M
134 - Coordendas: [1.0736038273990245, 0.29796448679081855, 1.1285129219036858, 1.0988687249587556, 0.517017242935813, 0.7296107960101702, 0.6306709265175718, 1.2939215183380355, 0.5032679738562092, 0.20013898540653238]
 Tipo: M
135 - Coordendas: [1.2410525347318058, 0.43092247726288435, 1.2838582121169326, 1.36165448974782, 0.3514489482711926, 0.5472325444944259, 0.48658146964856225, 1.301615798922801, 0.6571598336304217, 0.05420430854760255]
 Tipo: M
136 - Coordendas: [1.4931456435734656, 0.7037678648765698, 1.5493574353904815, 1.7988451567287296, 0.3833167825223436, 0.7276549970663015, 0.6230031948881789, 1.5863041805591178, 0.5044563279857397, 0.2603659949038683]
 Tipo: M
137 - Coordendas: [1.7249976998803938, 0.2919012559549588, 1.8416890269735913, 2.1995050671694556, 0.5621558183623726, 1.0606297672599259, 1.076038338658147, 2.453193126442678, 0.5323826500297089, 0.21681723419041005]
 Tipo: M
138 - Coordendas: [0.8978746894838529, 0.4707665656128193, 0.9364496540036717, 0.8555267499410794, 0.3924347747585087, 0.5584783884216703, 0.4306709265175719, 0.7717363426519621, 0.4967320261437908, 0.10910354412786656]
 Tipo: M
139 - Coordendas: [0.9401968902382922, 0.5976613252490254, 0.9943510803558818, 0.9261135988687249, 0.49173964069693965, 0.8000195579894387, 0.5405750798722044, 1.018722749422929, 0.5151515151515152, 0.3015983321751216]
 Tipo: M
140 - Coordendas: [0.5694176097157051, 0.34387180597661315, 0.5958197994633527, 0.46087673815696445, 0.5702807619391533, 0.5071386661451204, 0.3916932907348243, 0.9412669915362916, 0.6345811051693404, 0.3687746119990734]
 Tipo: M
141 - Coordendas: [0.7801085656454135, 0.050671286271113024, 0.8291201807654286, 0.6992693848691963, 0.6596551412837411, 0.6655583805984745, 0.6492012779552715, 1.4067709669145936, 0.5383244206773619, 0.4364141765114664]
 Tipo: M
142 - Coordendas: [1.0128806697948292, 0.43048938934603714, 1.0451913571529443, 0.9995286353994816, 0.460142637898348, 0.5428319968707217, 0.38370607028753995, 1.131572197999487, 0.5537730243612596, 0.20477183229094284]
 Tipo: M
143 - Coordendas: [1.1076455975710735, 0.6006929406669552, 1.1045050134161842, 1.0988687249587556, 0.33998375011284643, 0.4949149227459418, 0.4690095846645368, 1.0606565786099, 0.5306001188354129, 0.10284920083391244]
 Tipo: M
144 - Coordendas: [0.6329009108473639, 0.2689475963620614, 0.6661488490326224, 0.5130803676643884, 0.45111492281303606, 0.6469782906317231, 0.3163258785942492, 0.7183893305975891, 0.621509209744504, 0.40097289784572626]
 Tipo: M
145 - Coordendas: [0.6687827767043886, 0.4763967085318318, 0.7038553876571105, 0.5768324298845157, 0.411663807890223, 0.44210835126149034, 0.421405750798722, 0.7178763785586049, 0.4901960784313726, 0.21774380356729212]
 Tipo: M
146 - Coordendas: [1.042322200754439, 0.42702468601126015, 1.0875582544838298, 1.0705868489276456, 0.48903132617134615, 0.5154508116565617, 0.5012779552715655, 1.2119774301102848, 0.47534165181224003, 0.17512161223071573]
 Tipo: M
147 - Coordendas: [1.6237924372067345, 0.4711996535296665, 1.7188250247140235, 2.000353523450389, 0.4547260088471608, 0.9349696851163701, 0.7380191693290735, 1.8863811233649657, 0.5531788472964944, 0.3599722029186937]
 Tipo: M
148 - Coordendas: [1.0128806697948292, -0.01472498917280207, 1.1158028527044201, 1.0104878623615365, 0.5937528211609642, 1.2625660082143557, 0.9587859424920127, 1.8863811233649657, 0.8074866310160429, 0.6221913365763263]
 Tipo: M
149 - Coordendas: [1.2143711472996594, 0.5738414898224338, 1.410958904109589, 1.2980202686778222, 0.6858355150311456, 1.5940739292000783, 1.1993610223642173, 2.0569376763272635, 1.096850861556744, 0.6849664118600882]
 Tipo: M
150 - Coordendas: [1.154568037537952, 0.9419662191424858, 1.1892388080779552, 1.2720952156493046, 0.28500496524329694, 0.457754742812439, 0.36581469648562304, 0.851115670684791, 0.2186571598336305, 0.029650220060226933]
 Tipo: M
151 - Coordendas: [1.1784892814426349, 0.6236466002598526, 1.2231323259426636, 1.2355644591091208, 0.441184436219193, 0.6821826716213574, 0.8130990415335463, 1.4734547319825597, 0.6785502079619727, 0.21496409543664577]
 Tipo: M
152 - Coordendas: [0.9907995215751217, 0.7496751840623647, 1.0381302075977967, 0.9876266792363894, 0.42737203213866576, 0.5477214942303931, 0.5424920127795527, 1.063477814824314, 0.387997623291741, 0.16933055362520263]
 Tipo: M
153 - Coordendas: [0.6209402888950225, 0.5149415331312255, 0.7034317186838016, 0.5123733207636106, 0.5459059312088111, 1.0264032857422258, 0.6798722044728435, 1.0291100282123622, 0.5995246583481878, 0.5784109335186473]
 Tipo: M
154 - Coordendas: [0.8518722973594625, 0.3486357730619315, 0.9180906651602879, 0.7796370492576008, 0.4872257831542837, 0.7863289653823587, 0.6223642172523962, 1.1608104642215955, 0.4848484848484848, 0.34723187398656474]
 Tipo: M
155 - Coordendas: [0.80678995307756, 0.4127327847553052, 0.830532410676458, 0.7280226255008249, 0.4502121513045048, 0.49393702327400746, 0.3664536741214057, 0.8286740189792254, 0.5199049316696376, 0.25897614083854537]
 Tipo: M
156 - Coordendas: [0.7331861256785351, 0.2966652230402771, 0.7493291907922609, 0.6299787885929766, 0.578405705515934, 0.5433209466066888, 0.4916932907348243, 1.1059245960502693, 0.5329768270944742, 0.23882325689135978]
 Tipo: M
157 - Coordendas: [1.1600883245928786, 0.32178432221741, 1.227369015675752, 1.2614895121376384, 0.535975444614968, 0.7198318012908274, 0.8012779552715655, 1.6491408053347012, 0.5745692216280451, 0.2077831827658096]
 Tipo: M
158 - Coordendas: [0.7690679915355597, 0.1533131225638804, 0.8291201807654286, 0.660971011077068, 0.49354518371400213, 0.9491492274594172, 0.6635782747603833, 1.2510900230828417, 0.8680926916221035, 0.4278434097753068]
 Tipo: M
159 - Coordendas: [1.2530131566841476, 0.8059766132524901, 1.3601186273125265, 1.3215884987037474, 0.5883361921097772, 1.259632309798553, 1.1226837060702874, 1.949217748140549, 0.7944147355912061, 0.4241371322677786]
 Tipo: M
160 - Coordendas: [1.154568037537952, 0.354265915980944, 1.210422256743398, 1.2650247466415272, 0.5630585898709038, 0.708097007627616, 0.7019169329073482, 1.3618876635034625, 0.43493761140819964, 0.31665508454945557]
 Tipo: M
161 - Coordendas: [1.2566933480540987, 0.2871372888696405, 1.2852704420279624, 1.404077303794485, 0.37762932201859717, 0.4313514570702132, 0.4878594249201278, 1.1465760451397795, 0.30362448009506826, 0.06787120685661345]
 Tipo: M
162 - Coordendas: [1.2125310516146839, 0.3871805976613252, 1.23301793531987, 1.3321942022154136, 0.24889410490204925, 0.3239780950518286, 0.36900958466453676, 0.9907668632982817, 0.5157456922162804, -0.02061616863562664]
 Tipo: M
163 - Coordendas: [0.5694176097157051, 0.4802944997834559, 0.5879113119615874, 0.457223662502946, 0.4018235984472331, 0.41717191472716614, 0.2638658146964856, 0.6735060271864581, 0.40760546642899587, 0.22978920546675932]
 Tipo: M
164 - Coordendas: [0.8095500966050233, 0.5279341706366392, 0.8743115379183731, 0.7531227904784351, 0.5675724474135598, 0.7618814785840016, 0.6814696485623003, 1.2155680943831753, 0.615567439096851, 0.49710447069724356]
 Tipo: M
165 - Coordendas: [0.7423866041034134, 0.3616284105673451, 0.755119333427482, 0.6580249823238274, 0.3567753001715266, 0.3255916291805203, 0.23916932907348243, 0.5559117722492948, 0.29768270944741526, 0.1690989112809822]
 Tipo: M
166 - Coordendas: [1.105805501886098, 0.3546990038977912, 1.1242762321705975, 1.1719302380391232, 0.2666787036201138, 0.29777038920398985, 0.29619808306709267, 0.7215952808412414, 0.5264408793820559, -0.03266157053509386]
 Tipo: M
167 - Coordendas: [1.2143711472996594, 0.3819835426591597, 1.2711481429176672, 1.3039123261843035, 0.5477114742258735, 0.6332876980246431, 0.6814696485623003, 1.6145165427032575, 0.39453357100415926, 0.20106555478341445]
 Tipo: M
168 - Coordendas: [0.7580274174257061, 0.8618449545257686, 0.8418302499646944, 0.6757011548432712, 0.4709758960007223, 0.9256796401329943, 0.8146964856230032, 1.2091561938958708, 0.6345811051693404, 0.4556404910817698]
 Tipo: M
169 - Coordendas: [1.3588186585702455, 0.44478129060199206, 1.4617991809066517, 1.5879094979967003, 0.37356685023020675, 0.8640719734011344, 0.7012779552715654, 1.3952295460374455, 0.39275103980986337, 0.2337271253185083]
 Tipo: M
