0 - Coordendas: [0.5813782316680467, 0.4921161825726141, 0.5853692981217341, 0.4744284704218713, 0.35005256044451116, 0.2174872499019223, 0.1068370607028754, 0.28404030935083197, 0.5101351351351351, 0.11640091116173112]
 Tipo: B
1 - Coordendas: [0.6347410065323397, 0.26763485477178417, 0.6295720943369582, 0.5339382512373321, 0.11638384141763039, 0.14186936053354257, 0.06533546325878595, 0.09968361846730725, 0.36959459459459465, 0.06583143507972658]
 Tipo: B
2 - Coordendas: [0.3614867973134603, 0.10954356846473023, 0.3580002824459822, 0.2594862125854348, 0.34044150773389414, 0.13647508826990978, 0.0394888178913738, 0.16041715490977268, 0.2628378378378378, 0.19271070615034172]
 Tipo: B
3 - Coordendas: [0.540896126598583, 0.3439834024896265, 0.5564185849456291, 0.42752769267028046, 0.5530860489562998, 0.37308748528834845, 0.12424920127795527, 0.27126786969767985, 0.4445945945945946, 0.18496583143507977]
 Tipo: B
4 - Coordendas: [0.377127610635753, 0.20746887966804978, 0.37311114249399796, 0.2700919160971011, 0.5720078089803274, 0.18659278148293448, 0.07549520766773163, 0.30267166627607217, 0.3418918918918918, 0.3380410022779043]
 Tipo: B
5 - Coordendas: [0.4516514858772656, 0.35850622406639004, 0.4735206891681965, 0.3402074004242281, 0.467337438053762, 0.4708709297763829, 0.21201277955271566, 0.3681743613780173, 0.6128378378378379, 0.25717539863325745]
 Tipo: B
6 - Coordendas: [0.9070751679087311, 0.40456431535269705, 0.9124417455161702, 0.8681357530049494, 0.17930620213245244, 0.2591702628481758, 0.1645367412140575, 0.3247011952191235, 0.5297297297297298, 0.01890660592255119]
 Tipo: B
7 - Coordendas: [0.493053638789217, 0.2174273858921161, 0.487219319305183, 0.38369078482205987, 0.3650698303048506, 0.12911926245586505, 0.06738019169329074, 0.2406843215373799, 0.3452702702702702, 0.11913439635535304]
 Tipo: B
8 - Coordendas: [0.6844235900266813, 0.28340248962655595, 0.7111989831944642, 0.586495404195145, 0.5256044451118788, 0.46351510396233814, 0.255814696485623, 0.49484415280056243, 0.5756756756756757, 0.2794988610478359]
 Tipo: B
9 - Coordendas: [0.42681019413009463, 0.35145228215767627, 0.4602457280045191, 0.3126325712938958, 0.8257996696200631, 0.6322087092977637, 0.32587859424920124, 0.6519803140379659, 0.606081081081081, 0.47152619589977224]
 Tipo: B
10 - Coordendas: [0.4764927776244364, 0.34522821576763485, 0.487219319305183, 0.36742870610417155, 0.4258897732392253, 0.28932914868575915, 0.09316293929712459, 0.17893133348957113, 0.27297297297297296, 0.25034168564920256]
 Tipo: B
11 - Coordendas: [0.5951789493053637, 0.3564315352697095, 0.6045756249117356, 0.4850341739335376, 0.5960354407568704, 0.30536484896037663, 0.12696485623003195, 0.32575580032809937, 0.3905405405405405, 0.11958997722095667]
 Tipo: B
12 - Coordendas: [0.5970190449903395, 0.1804979253112033, 0.614743680271148, 0.47466415272213053, 0.6696200630725335, 0.47136131816398597, 0.1848562300319489, 0.6170611670963206, 0.4858108108108108, 0.33120728929384974]
 Tipo: B
13 - Coordendas: [0.5960989971478516, 0.37510373443983397, 0.6164383561643835, 0.4803205279283526, 0.6756269710166692, 0.46302471557473524, 0.13421725239616614, 0.36934614483243494, 0.447972972972973, 0.25785876993166296]
 Tipo: B
14 - Coordendas: [0.4332505290275093, 0.6112033195020746, 0.46010450501341627, 0.3098043836907848, 0.9174050157681335, 0.6660455080423696, 0.1442492012779553, 0.5309350831966253, 0.7236486486486486, 0.5056947608200456]
 Tipo: B
15 - Coordendas: [0.5675775140307295, 0.233609958506224, 0.5863578590594549, 0.46594390761253823, 0.4704910647244333, 0.3216947822675559, 0.29690095846645365, 0.4081321771736583, 0.5148648648648648, 0.23280182232346242]
 Tipo: B
16 - Coordendas: [0.21041494157696206, 0.1311203319502074, 0.24996469425222428, 0.12396888993636576, 1.515092356209641, 1.0029423303256177, 0.3108626198083067, 0.6154206702601359, 0.8905405405405407, 0.9833712984054668]
 Tipo: B
17 - Coordendas: [0.7350262213635109, 0.4170124481327801, 0.7302640869933625, 0.6442375677586614, 0.3258747559693647, 0.1674185955276579, 0.06220447284345048, 0.22720881181157723, 0.3074324324324324, 0.018451025056947568]
 Tipo: B
18 - Coordendas: [0.5215751219063391, 0.3510373443983403, 0.5493574353904815, 0.40313457459344804, 0.6771286980027033, 0.5591408395449196, 0.2561341853035144, 0.5945629247715022, 0.3925675675675675, 0.38018223234624154]
 Tipo: B
19 - Coordendas: [0.3900082804305824, 0.42116182572614097, 0.3975427199548086, 0.2872967240160264, 0.6440907043099564, 0.2373970184386034, 0.015993610223642173, 0.0888563393484884, 0.5945945945945945, 0.1920273348519362]
 Tipo: B
20 - Coordendas: [0.8031097617076087, 0.17510373443983396, 0.822059031210281, 0.7284939901013434, 0.48220453521549783, 0.3689682228324834, 0.2279552715654952, 0.6952191235059761, 0.5108108108108108, 0.12255125284738047]
 Tipo: B
21 - Coordendas: [0.5878185665654613, 0.2771784232365145, 0.597514475356588, 0.4831487155314636, 0.12974921159333247, 0.26417222440172616, 0.2585303514376997, 0.3280993672369346, 0.24459459459459454, 0.14533029612756257]
 Tipo: B
22 - Coordendas: [0.4985739258441439, 0.3307053941908713, 0.5321282304759215, 0.38215884987037474, 0.6440907043099564, 0.5503138485680659, 0.2473162939297125, 0.3279821888914929, 0.5074324324324324, 0.43667425968109336]
 Tipo: B
23 - Coordendas: [0.34308584046370416, 0.44315352697095434, 0.3630843101256885, 0.23733207636106526, 0.6861390599189069, 0.5370733621027853, 0.2699041533546326, 0.3359503163815327, 0.4108108108108108, 0.38200455580865605]
 Tipo: B
24 - Coordendas: [0.415769620020241, 0.36265560165975097, 0.41646660076260417, 0.31098279519208105, 0.4646343294789009, 0.19875441349548842, 0.08428115015974441, 0.24244199671900632, 0.522972972972973, 0.17061503416856483]
 Tipo: B
25 - Coordendas: [0.5436562701260466, 0.24854771784232357, 0.5689874311537918, 0.4396653311336319, 0.2353206187115183, 0.37475480580619847, 0.3562300319488818, 0.3972345910475744, 0.2513513513513513, 0.17084282460136674]
 Tipo: B
26 - Coordendas: [0.5565369399208757, 0.36141078838174273, 0.548227651461658, 0.44814989394296484, 0.4102718125844721, 0.08964299725382502, 0.08185303514376997, 0.3425123037262714, 0.27499999999999997, 0.15444191343963556]
 Tipo: B
27 - Coordendas: [0.35688655810102116, 0.48838174273858914, 0.34910323400649634, 0.2557152957812868, 0.1772037843520049, 0.11224990192232248, 0.0, 0.0, 0.40608108108108104, 0.1738041002277904]
 Tipo: B
28 - Coordendas: [0.2285398840739718, 0.46887966804979253, 0.23047592148001694, 0.14836200801319818, 0.6290734344496173, 0.2861416241663397, 0.0693929712460064, 0.1762362315444106, 0.4439189189189188, 0.39043280182232337]
 Tipo: B
29 - Coordendas: [0.5960989971478516, 0.7676348547717842, 0.5945487925434261, 0.4932830544426114, 0.19011863643189675, 0.13672028246371126, 0.040607028753993614, 0.13088821185844854, 0.24391891891891893, 0.1316628701594533]
 Tipo: B
30 - Coordendas: [0.4847732082068267, 0.5282157676348548, 0.4856658664030505, 0.3806269149186896, 0.29148520798918776, 0.15996469203609257, 0.054760383386581464, 0.14776189360206235, 0.3270270270270271, 0.18018223234624145]
 Tipo: B
31 - Coordendas: [0.3992087588554605, 0.7207468879668049, 0.3950007061149556, 0.2971953806269149, 0.09490914551734504, 0.09194782267555902, 0.052172523961661346, 0.03661823295055074, 0.5466216216216216, 0.1009111617312072]
 Tipo: B
32 - Coordendas: [0.30720397460667953, 0.27551867219917014, 0.3039118768535518, 0.2137638463351402, 0.47799969965460276, 0.14986269125147117, 0.03233226837060703, 0.06438950082024841, 0.5574324324324323, 0.23143507972665153]
 Tipo: B
33 - Coordendas: [0.4829331125218511, 0.40871369294605797, 0.49074989408275677, 0.3741456516615602, 0.5008259498423188, 0.3015398195370734, 0.1337699680511182, 0.48125146472931807, 0.6209459459459459, 0.18861047835990893]
 Tipo: B
34 - Coordendas: [0.3587266537859969, 0.24522821576763476, 0.375935602316057, 0.2538298373792128, 0.5735095359663613, 0.4291879168301294, 0.1634185303514377, 0.18408718068900864, 0.5412162162162161, 0.37630979498861045]
 Tipo: B
35 - Coordendas: [0.42865028981507036, 0.35767634854771774, 0.443157746081062, 0.31699269384869194, 0.7762426790809431, 0.4036877206747745, 0.2258785942492013, 0.4083665338645418, 0.5006756756756757, 0.30410022779043266]
 Tipo: B
36 - Coordendas: [0.26635385040022075, 0.3136929460580912, 0.2701595819799464, 0.17900070704690074, 0.6966511488211443, 0.2596116123970184, 0.05610223642172524, 0.22873213030232012, 0.5905405405405404, 0.25056947608200464]
 Tipo: B
37 - Coordendas: [0.42497009844511907, 0.3589211618257261, 0.42493998022878116, 0.3172283761489512, 0.33893978074786013, 0.19208513142408787, 0.10757188498402555, 0.20822591985001174, 0.3081081081081082, 0.1535307517084283]
 Tipo: B
38 - Coordendas: [0.6945441162940471, 0.3995850622406638, 0.7126112131054936, 0.6082960169691256, 0.3209190569154528, 0.2874656728128678, 0.2816932907348243, 0.34274666041715496, 0.2790540540540539, 0.12779043280182226]
 Tipo: B
39 - Coordendas: [0.2016744870733278, 0.17219917012448127, 0.2176246292896484, 0.13834551025218003, 0.22075386694698912, 0.33410160847391135, 0.19130990415335464, 0.25544879306304197, 0.8655405405405404, 0.40501138952164]
 Tipo: B
40 - Coordendas: [0.5583770356058515, 0.17136929460580907, 0.5496398813726874, 0.4561630921517794, 0.31551283976573063, 0.08812279325225579, 0.014565495207667731, 0.10345676119053199, 0.2655405405405406, 0.07585421412300682]
 Tipo: B
41 - Coordendas: [0.3964486153279969, 0.1381742738589211, 0.4016381866967943, 0.28812161206693376, 0.5380687790959604, 0.2780502157708905, 0.10431309904153355, 0.3228263416920553, 0.47905405405405405, 0.24715261958997733]
 Tipo: B
42 - Coordendas: [0.1554880853804397, 0.19668049792531112, 0.15012003954243755, 0.09863304265849633, 0.4335485808679983, 0.11465280502157708, 0.0, 0.0, 0.4472972972972972, 0.3505694760820044]
 Tipo: B
43 - Coordendas: [0.21289907075167908, 0.1738589211618257, 0.2283575766134727, 0.1346924345981617, 1.1201381588827153, 0.5056885052961946, 0.10645367412140576, 0.2836887743145067, 0.7682432432432432, 0.5719817767653759]
 Tipo: B
44 - Coordendas: [0.5307756003312172, 0.2900414937759335, 0.5468154215506285, 0.4127975489040773, 0.7507133203183662, 0.4527265594350725, 0.12396166134185303, 0.3509491445980783, 0.7162162162162161, 0.32756264236902044]
 Tipo: B
45 - Coordendas: [0.5666574661882418, 0.4576763485477177, 0.5958197994633527, 0.46358708460994574, 0.3640186214146268, 0.43899568458218907, 0.3466453674121406, 0.4112959925005859, 0.3391891891891892, 0.19020501138952156]
 Tipo: B
46 - Coordendas: [0.2961634004968257, 0.32240663900414934, 0.300240079084875, 0.20940372378034408, 0.27076137558191926, 0.19463515103962337, 0.18447284345047923, 0.1254980079681275, 0.6108108108108107, 0.25740318906605913]
 Tipo: B
47 - Coordendas: [0.6476216763271689, 0.2468879668049792, 0.6468012992515182, 0.545604525100165, 0.25754617810482056, 0.17864848960376617, 0.06667731629392971, 0.3107569721115538, 0.3574324324324325, 0.09134396355353074]
 Tipo: B
48 - Coordendas: [0.5445763179685343, 0.2576763485477178, 0.5641858494562914, 0.4344803205279284, 0.3643189668118337, 0.37127304825421736, 0.15635782747603832, 0.3618467307241622, 0.4851351351351352, 0.23917995444191348]
 Tipo: B
49 - Coordendas: [0.29432330481185015, 0.3244813278008299, 0.30122864002259575, 0.19985859061984448, 0.6546027932121942, 0.32189093762259713, 0.056485623003194894, 0.22439653152097494, 0.5743243243243242, 0.3924829157175399]
 Tipo: B
50 - Coordendas: [0.26892998435918664, 0.34647302904564303, 0.2938850444852421, 0.1872495875559745, 0.5177954647845023, 0.5395253040408002, 0.4175718849840256, 0.4354347316615889, 0.4114864864864864, 0.6676537585421412]
 Tipo: B
51 - Coordendas: [0.16128438678811297, 0.29585062240663895, 0.16212399378618844, 0.10699976431769975, 0.6215647995194475, 0.2692232247940369, 0.0, 0.0, 0.625, 0.4357630979498861]
 Tipo: B
52 - Coordendas: [0.6862636857116569, 0.22697095435684642, 0.7086569693546109, 0.585199151543719, 0.558492266106022, 0.4056492742251863, 0.2711501597444089, 0.6482306069838294, 0.4486486486486486, 0.20410022779043285]
 Tipo: B
53 - Coordendas: [0.6246204802649736, 0.1477178423236514, 0.6251941816127666, 0.5175583313693142, 0.442558942784202, 0.210033346410357, 0.033961661341853036, 0.22463088821185845, 0.3594594594594595, 0.16560364464692479]
 Tipo: B
54 - Coordendas: [0.3670070843683872, 0.3107883817427385, 0.3945770371416467, 0.2686778222955456, 0.40006006907944136, 0.4507650058846607, 0.3021405750798722, 0.42336536208108744, 0.2898648648648649, 0.3314350797266515]
 Tipo: B
55 - Coordendas: [0.7331861256785351, 0.37593360995850617, 0.7633102669114532, 0.643412679707754, 0.28337588226460425, 0.4772459788152216, 0.28913738019169327, 0.4173892664635575, 0.4621621621621621, 0.2979498861047836]
 Tipo: B
56 - Coordendas: [0.5583770356058515, 0.36846473029045634, 0.5832509532551899, 0.43424463822766907, 0.6861390599189069, 0.54442918791683, 0.3068051118210863, 0.6565502695101946, 0.6587837837837837, 0.29977220956719813]
 Tipo: B
57 - Coordendas: [0.43141043334253376, 0.4278008298755186, 0.44372263804547374, 0.32135281640348806, 0.5870250788406668, 0.36852687328364064, 0.134185303514377, 0.25275369111788143, 0.5398648648648648, 0.2906605922551253]
 Tipo: B
58 - Coordendas: [0.39368847180053357, 0.42531120331950206, 0.422680412371134, 0.2953099222248409, 0.2656555038294038, 0.48411141624166343, 0.29629392971246005, 0.6547925943285681, 1.0371621621621623, 0.23872437357630985]
 Tipo: B
59 - Coordendas: [0.6227803845799981, 0.5834024896265559, 0.6319728851857083, 0.5261607353287768, 0.26910947589728196, 0.23877010592389175, 0.15006389776357826, 0.27466604171549097, 0.4817567567567568, 0.05558086560364459]
 Tipo: B
60 - Coordendas: [0.5684975618732173, 0.44937759336099575, 0.568704985171586, 0.46570822531227907, 0.16278720528607904, 0.16364260494311494, 0.05750798722044728, 0.14717600187485352, 0.4412162162162162, 0.16013667425968112]
 Tipo: B
61 - Coordendas: [0.5399760787560952, 0.4838174273858921, 0.5485100974438638, 0.43719066698090975, 0.19522450818441206, 0.3127697136131817, 0.1957188498402556, 0.21877197093977033, 0.3513513513513513, 0.21161731207289292]
 Tipo: B
62 - Coordendas: [0.47925292115189977, 0.14854771784232357, 0.498375935602316, 0.3680179118548197, 0.6621114281423638, 0.37127304825421736, 0.09121405750798722, 0.3377079915631591, 0.554054054054054, 0.2929384965831436]
 Tipo: B
63 - Coordendas: [0.5500966050234612, 0.35601659751037334, 0.5703996610648214, 0.44979967004477966, 0.16518996846373346, 0.29232051785013735, 0.12961661341853037, 0.22064682446683853, 0.55, 0.16264236902050114]
 Tipo: B
64 - Coordendas: [0.6559021069095592, 0.13153526970954355, 0.653015110860048, 0.5573886401131275, 0.4592281123291787, 0.16516280894468421, 0.05638977635782747, 0.32024841809233656, 0.21148648648648652, 0.11731207289293853]
 Tipo: B
65 - Coordendas: [0.48109301683687555, 0.18174273858921156, 0.49413924586922753, 0.37532406316285644, 0.27887070130650254, 0.2885935661043546, 0.21849840255591058, 0.29692992734942586, 0.3959459459459459, 0.22072892938496577]
 Tipo: B
66 - Coordendas: [0.7019044990339496, 0.24813278008298748, 0.6904392035023302, 0.6144237567758661, 0.2052860789908395, 0.07733424872499019, 0.04623003194888179, 0.21994375439418795, 0.38648648648648654, 0.015945330296127543]
 Tipo: B
67 - Coordendas: [0.5454963658110221, 0.2746887966804978, 0.5470978675328344, 0.4394296488333726, 0.2537918606397357, 0.16810513927030207, 0.12373801916932907, 0.2785329271150691, 0.5195945945945946, 0.1097949886104783]
 Tipo: B
68 - Coordendas: [0.22301959701904492, 0.4975103734439833, 0.22327354893376644, 0.15048314871553145, 0.6290734344496173, 0.20699293840721852, 0.06539936102236421, 0.14729318022029528, 0.6520270270270271, 0.3225512528473804]
 Tipo: B
69 - Coordendas: [0.5050142607415585, 0.36887966804979255, 0.5267617568140094, 0.39877445203865186, 0.5577414026130051, 0.42379364456649665, 0.2557507987220447, 0.447738457932974, 0.5844594594594594, 0.2706150341685648]
 Tipo: B
70 - Coordendas: [0.40104885454043604, 0.36929460580912854, 0.40912300522525075, 0.29189252887108175, 0.6365820693797868, 0.3217438211063162, 0.137444089456869, 0.3039606280759316, 0.5858108108108108, 0.23371298405466967]
 Tipo: B
71 - Coordendas: [0.38172784984819214, 0.5282157676348548, 0.39118768535517573, 0.2768088616544897, 0.4978224958702508, 0.3067869752844253, 0.15412140575079872, 0.26447152566205767, 0.6554054054054055, 0.311389521640091]
 Tipo: B
72 - Coordendas: [0.4553316772472168, 0.4904564315352697, 0.4623640728710634, 0.34774923403252417, 0.5281573809881365, 0.28986857591212245, 0.10632587859424919, 0.23529411764705882, 0.4243243243243243, 0.22984054669703877]
 Tipo: B
73 - Coordendas: [0.43877081608243623, 0.32572614107883807, 0.4533258014404745, 0.32924817346217294, 0.6726235170446014, 0.3812769713613181, 0.16875399361022364, 0.5202718537614249, 0.36351351351351346, 0.3398633257403188]
 Tipo: B
74 - Coordendas: [0.5188149783788756, 0.5917012448132779, 0.5304335545826859, 0.41586141880744754, 0.24808529809280686, 0.27417614750882696, 0.17373801916932907, 0.23857511131942816, 0.3067567567567568, 0.18997722095671982]
 Tipo: B
75 - Coordendas: [0.6108197626276565, 0.5609958506224065, 0.6129077813868097, 0.5063634221069998, 0.4497672323171648, 0.23582777559827384, 0.09501597444089456, 0.28626669791422543, 0.40810810810810805, 0.14031890660592253]
 Tipo: B
76 - Coordendas: [0.42497009844511907, 0.12987551867219913, 0.43143623781951707, 0.3171105349988216, 0.4102718125844721, 0.27397999215378577, 0.13405750798722044, 0.3925474572299039, 0.3783783783783784, 0.31822323462414587]
 Tipo: B
77 - Coordendas: [0.5786180881405832, 0.3033195020746887, 0.5756249117356305, 0.47478199387226017, 0.32947890073584624, 0.14986269125147117, 0.11354632587859426, 0.2877900164049684, 0.29459459459459464, 0.11138952164009108]
 Tipo: B
78 - Coordendas: [0.29340325696936237, 0.21452282157676347, 0.2931789295297274, 0.1984444968182889, 0.7642288631926717, 0.30026480972930564, 0.03463258785942492, 0.15116006561987344, 1.1371621621621621, 0.4043280182232345]
 Tipo: B
79 - Coordendas: [0.4608519643021437, 0.6298755186721992, 0.4776161559101822, 0.35093094508602407, 0.6080492566451419, 0.35700274617497063, 0.17383386581469648, 0.5008202484180924, 0.5135135135135134, 0.3792710706150343]
 Tipo: B
80 - Coordendas: [0.6126598583126323, 0.2443983402489626, 0.6155910182177657, 0.5088380862597218, 0.47634779996996546, 0.23009023146331894, 0.15031948881789137, 0.4371924068432154, 0.4439189189189188, 0.10820045558086554]
 Tipo: B
81 - Coordendas: [0.4682123470420462, 0.15477178423236507, 0.48072306171444706, 0.3555267499410794, 0.7131701456675178, 0.34675362887406824, 0.12079872204472844, 0.3278650105460511, 0.40337837837837826, 0.32414578587699316]
 Tipo: B
82 - Coordendas: [0.4176097157052166, 0.21659751037344394, 0.42479875723767835, 0.3096865425406552, 0.5825198978825651, 0.28785798352295017, 0.13827476038338657, 0.343215373798922, 0.556081081081081, 0.2239179954441913]
 Tipo: B
83 - Coordendas: [0.5436562701260466, 0.18257261410788375, 0.5812738313797486, 0.4344803205279284, 0.3767833007959153, 0.5650255001961554, 0.43897763578274757, 0.4663698148582142, 0.36216216216216207, 0.2788154897494304]
 Tipo: B
84 - Coordendas: [0.6163400496825834, 0.2746887966804978, 0.6209574918796781, 0.5090737685599811, 0.4544225859738701, 0.2607395056885053, 0.05597444089456869, 0.22029528943051324, 0.38581081081081076, 0.22095671981776766]
 Tipo: B
85 - Coordendas: [0.6319808630048761, 0.22697095435684642, 0.638327919785341, 0.5230968654254066, 0.4903138609400811, 0.28197332287171445, 0.14309904153354633, 0.4348488399343801, 0.7094594594594593, 0.15216400911161726]
 Tipo: B
86 - Coordendas: [0.3228447879289723, 0.3975103734439833, 0.33356870498517155, 0.22696205514965828, 0.5613455473794866, 0.3256178893683797, 0.09568690095846645, 0.1407311928755566, 0.7817567567567567, 0.29521640091116186]
 Tipo: B
87 - Coordendas: [0.14628760695556164, 0.1406639004149377, 0.15167349244457, 0.09168041480084847, 0.6170596185613456, 0.27922714790113773, 0.08194888178913738, 0.17693930161706117, 0.4175675675675676, 0.4421412300683372]
 Tipo: B
88 - Coordendas: [0.6660226331769252, 0.7526970954356846, 0.6886033046179918, 0.5661088852227197, 0.2961405616458928, 0.4144762652020401, 0.3523961661341853, 0.5165221467072885, 0.19054054054054062, 0.2150341685649202]
 Tipo: B
89 - Coordendas: [0.5114545956389731, 0.2742738589211618, 0.5290213246716565, 0.3921753476313929, 0.8002703108574862, 0.4370341310317772, 0.18939297124600638, 0.3842277947035388, 0.5966216216216216, 0.3250569476082004]
 Tipo: B
90 - Coordendas: [0.2823626828595087, 0.3244813278008299, 0.29120180765428605, 0.19714824416686308, 0.5735095359663613, 0.2642212632404865, 0.08022364217252397, 0.20799156315912817, 0.5608108108108107, 0.2610478359908885]
 Tipo: B
91 - Coordendas: [0.3844879933756555, 0.48547717842323646, 0.3835616438356165, 0.2790478435069526, 0.5900285328127347, 0.19811690859160455, 0.02861022364217252, 0.12608389969533632, 0.375, 0.21845102505694763]
 Tipo: B
92 - Coordendas: [0.4479712945073143, 0.32157676348547715, 0.44838299675187127, 0.3407966061748762, 0.3185162937377986, 0.18163985876814437, 0.08587859424920129, 0.2671666276072182, 0.5506756756756757, 0.12072892938496581]
 Tipo: B
93 - Coordendas: [0.6697028245468764, 0.3510373443983403, 0.6698206468012993, 0.5769502710346454, 0.048806127046103064, 0.16094546881129856, 0.07907348242811502, 0.1610030466369815, 0.38851351351351354, 0.09134396355353074]
 Tipo: B
94 - Coordendas: [0.3228447879289723, 0.36929460580912854, 0.32580144047450926, 0.224840914447325, 0.6651148821144318, 0.2324440957238133, 0.07338658146964856, 0.208577454886337, 0.2851351351351351, 0.32232346241457865]
 Tipo: B
95 - Coordendas: [0.6218603367375103, 0.3402489626556016, 0.6260415195593844, 0.5202686778222956, 0.2542423787355459, 0.21763436641820322, 0.09204472843450479, 0.15573002109210218, 0.2790540540540539, 0.08997722095671987]
 Tipo: B
96 - Coordendas: [0.4645321556720948, 0.3410788381742738, 0.4561502612625336, 0.3564694791421164, 0.21504730440006006, 0.09582189093762261, 0.004939297124600639, 0.06552613077103352, 0.21756756756756748, 0.20159453302961267]
 Tipo: B
97 - Coordendas: [0.17453307571993742, 0.2398340248962655, 0.1828837734783223, 0.11489512137638463, 0.30665265054813046, 0.2824637112593174, 0.15083067092651758, 0.2790016404968362, 0.5878378378378378, 0.32710706150341695]
 Tipo: B
98 - Coordendas: [0.5418161744410708, 0.4078838174273858, 0.5490749894082757, 0.4309450860240396, 0.43324823547079144, 0.2915358964299725, 0.05741214057507987, 0.24490274197328332, 0.5412162162162161, 0.2646924829157175]
 Tipo: B
99 - Coordendas: [0.40104885454043604, 0.47925311203319504, 0.4051687614743681, 0.2981381098279519, 0.37663312809731203, 0.22739309533150256, 0.16399361022364217, 0.22252167799390674, 0.2885135135135135, 0.3061503416856492]
 Tipo: B
100 - Coordendas: [0.6338209586898518, 0.4560165975103734, 0.6493433130913712, 0.5200329955220362, 0.49962456825349166, 0.4041781090623774, 0.11782747603833867, 0.277595500351535, 0.3783783783783784, 0.3423690205011388]
 Tipo: B
101 - Coordendas: [0.25301315668414753, 0.233609958506224, 0.2823047592148002, 0.18465708225312277, 0.6711217900585675, 0.6890937622597096, 1.3124600638977635, 0.9206702601359269, 1.0054054054054056, 0.9364464692482916]
 Tipo: B
102 - Coordendas: [0.5436562701260466, 0.14149377593360987, 0.5380595961022454, 0.43884044308272446, 0.10572157981678938, 0.08782856021969399, 0.07220447284345047, 0.13721584251230373, 0.18716216216216225, 0.0902050113895216]
 Tipo: B
103 - Coordendas: [0.07167172692980033, 0.6153526970954356, 0.05832509532551903, 0.04419043129860947, -0.14837062622015307, 0.11887014515496272, 0.0, 0.0, 0.3560810810810811, 0.15922551252847386]
 Tipo: B
104 - Coordendas: [0.14877173613027883, 0.4676348547717842, 0.1535093913289083, 0.0922696205514966, 0.9279171046703709, 0.3444978422910946, 0.09584664536741214, 0.10849543004452777, 0.5189189189189188, 0.3580865603644648]
 Tipo: B
105 - Coordendas: [0.40012880669794826, 0.18464730290456427, 0.39542437508826445, 0.29825595097808155, 0.4697402012314162, 0.09484111416241663, 0.004750798722044728, 0.039055542535739396, 0.6040540540540539, 0.14487471526195894]
 Tipo: B
106 - Coordendas: [0.5234152175913147, 0.3149377593360996, 0.5290213246716565, 0.4082017440490219, 0.6050458026730742, 0.28079639074146723, 0.10201277955271565, 0.24689477384579328, 0.4371621621621621, 0.18200455580865596]
 Tipo: B
107 - Coordendas: [0.6365811022173152, 0.3954356846473028, 0.6346561220166643, 0.5413622436954985, 0.26130049556990537, 0.16614358571989016, 0.09568690095846645, 0.2425591750644481, 0.35067567567567576, 0.09316628701594525]
 Tipo: B
108 - Coordendas: [1.1784892814426349, 0.6394190871369294, 1.2231323259426636, 1.2355644591091208, 0.585523351854633, 0.68418987838368, 0.8130990415335463, 1.3463791891258496, 0.7716216216216216, 0.21138952164009103]
 Tipo: M
109 - Coordendas: [1.0552028705492684, 0.5062240663900415, 1.0790848750176527, 1.0976903134574594, 0.4773990088601892, 0.381080816006277, 0.368370607028754, 0.802320131239747, 0.42702702702702694, 0.12346241457858773]
 Tipo: M
110 - Coordendas: [1.042322200754439, 0.3680497925311202, 1.0564891964411807, 1.0576243224133868, 0.3509535966361316, 0.32022361710474695, 0.26099041533546324, 0.6812749003984063, 0.37905405405405396, 0.05466970387243734]
 Tipo: M
111 - Coordendas: [0.5040942128990707, 0.5946058091286306, 0.5674339782516593, 0.39170398303087434, 0.8423186664664365, 1.079933307179286, 0.7261980830670927, 1.001054605108976, 0.6554054054054055, 0.6965831435079727]
 Tipo: M
112 - Coordendas: [1.3827399024749287, 0.5058091286307053, 1.460386950995622, 1.577303794485034, 0.6576062471842621, 0.8631816398587681, 0.7821086261980831, 1.7588469650808531, 0.5162162162162162, 0.21753986332574038]
 Tipo: M
113 - Coordendas: [1.2520931088416596, 0.4784232365145227, 1.3276373393588479, 1.3864011312750413, 0.6906442408770086, 0.7111612397018439, 0.6990415335463258, 1.313569252402156, 0.5324324324324323, 0.2362186788154897]
 Tipo: M
114 - Coordendas: [1.172968994387708, 0.41950207468879663, 1.227369015675752, 1.2520622201272684, 0.6561045201982281, 0.8116908591604551, 0.7722044728434505, 1.1413170846027654, 0.45472972972972975, 0.34441913439635535]
 Tipo: M
115 - Coordendas: [1.2290919127794644, 0.4896265560165975, 1.300804971049287, 1.3204100872024511, 0.8182910346898936, 0.8244409572381326, 0.8194888178913738, 1.762362315444106, 1.0195945945945948, 0.33826879271070603]
 Tipo: M
116 - Coordendas: [0.7828687091728769, 0.42572614107883805, 0.8277079508543992, 0.7084609945793071, 0.8032737648295541, 0.6709493919183994, 0.6041533546325878, 1.0678462620107805, 0.587162162162162, 0.355125284738041]
 Tipo: M
117 - Coordendas: [1.2447327261017573, 0.7510373443983401, 1.2796215223838443, 1.385222719773745, 0.4367022075386696, 0.4316398587681443, 0.49648562300319493, 0.9772674009842981, 0.2621621621621622, 0.09271070615034162]
 Tipo: M
118 - Coordendas: [1.2511730609991716, 0.5157676348547717, 1.2838582121169326, 1.3510487862361535, 0.4263402913350353, 0.5660062769713613, 0.5239616613418531, 1.1203421607686899, 0.47635135135135126, -0.0366742596810934]
 Tipo: M
119 - Coordendas: [1.0128806697948292, 0.027800829875518667, 1.1158028527044201, 1.0104878623615365, 0.8393152124943687, 1.2662808944684192, 0.9587859424920127, 1.7236934614483244, 0.9182432432432432, 0.6118451025056948]
 Tipo: M
120 - Coordendas: [0.7285858864660962, 0.5319502074688797, 0.8234712611213104, 0.6381098279519208, 0.555038294038144, 0.9960768928991762, 0.8731629392971245, 1.1379189125849543, 0.6628378378378378, 0.3902050113895216]
 Tipo: M
121 - Coordendas: [0.3651669886834114, 0.4829875518672199, 0.39697782799039694, 0.2682064576950271, 0.903889472893828, 0.5022557865829738, 0.3335463258785943, 0.6642840403093508, 0.5641891891891891, 0.3838268792710705]
 Tipo: M
122 - Coordendas: [1.0561229183917562, 0.36556016597510366, 1.0917949442169186, 1.0976903134574594, 0.5440756870400961, 0.42134170262848175, 0.42651757188498407, 1.0305835481603, 0.7243243243243243, 0.19066059225512533]
 Tipo: M
123 - Coordendas: [1.1683687551752688, 0.4966804979253111, 1.216071176387516, 1.2379212821117134, 0.5325123892476349, 0.5615927814829345, 0.5952076677316294, 1.2924771502226389, 0.6905405405405405, 0.12072892938496581]
 Tipo: M
124 - Coordendas: [0.9346766031833654, 0.2775933609958505, 1.0197712187544132, 0.9064341267970776, 0.8423186664664365, 1.0210867006669282, 0.7121405750798722, 1.6416686196390908, 1.3378378378378377, 0.5075170842824601]
 Tipo: M
125 - Coordendas: [0.9484773208206825, 0.5153526970954356, 0.9971755401779411, 0.9477963704925759, 0.4126745757621265, 0.5292271479011377, 0.3098083067092652, 0.87965783923131, 0.708108108108108, 0.06355353075170844]
 Tipo: M
126 - Coordendas: [0.5638973226607782, 0.24273858921161823, 0.6131902273690156, 0.4556917275512609, 1.1606847875056316, 0.7704982346018046, 0.6616613418530352, 1.1250292945863605, 0.5844594594594594, 0.5710706150341686]
 Tipo: M
127 - Coordendas: [0.8417517710920965, 0.33900414937759327, 0.8926705267617568, 0.7821117134103229, 0.6230665265054813, 0.6694782267555904, 0.4325878594249201, 0.9083665338645419, 0.6337837837837837, 0.30296127562642367]
 Tipo: M
128 - Coordendas: [0.7690679915355597, 0.18879668049792525, 0.8291201807654286, 0.660971011077068, 0.6726235170446014, 0.9519419380149078, 0.6635782747603833, 1.1431919381298334, 0.9871621621621621, 0.42072892938496564]
 Tipo: M
129 - Coordendas: [1.1002852148311713, 0.4813278008298754, 1.1271006919926565, 1.1625029460287533, 0.41417630274816053, 0.40957238132601026, 0.3450479233226837, 0.9316850246074525, 0.3527027027027027, 0.06287015945330293]
 Tipo: M
130 - Coordendas: [0.8095500966050233, 0.5477178423236514, 0.8743115379183731, 0.7531227904784351, 0.7957651298993845, 0.7641231855629659, 0.6814696485623003, 1.1107335364424655, 0.7, 0.4888382687927107]
 Tipo: M
131 - Coordendas: [0.5326156960161927, 0.529460580912863, 0.5356588052534953, 0.42752769267028046, 0.42108424688391666, 0.18747548058061986, 0.15051118210862618, 0.31685024607452544, 0.3547297297297297, 0.2004555808656037]
 Tipo: M
132 - Coordendas: [1.1223663630508784, 0.5302904564315352, 1.1821776585228077, 1.1837143530520857, 0.34119237122691104, 0.6052373479795998, 0.3559105431309904, 0.7935317553316148, 0.47770270270270265, 0.07835990888382685]
 Tipo: M
133 - Coordendas: [0.8895942589014626, 0.4842323651452281, 0.9350374240926423, 0.8968889936365779, 0.7447064123742305, 0.6194586112200863, 0.48722044728434505, 1.0745254277009608, 0.6317567567567568, 0.2608200455580864]
 Tipo: M
134 - Coordendas: [0.7653878001656086, 0.6456431535269709, 0.8277079508543992, 0.6939665331133631, 0.6861390599189069, 0.7371518242448019, 0.5376996805111821, 1.0254277009608626, 0.585135135135135, 0.3086560364464692]
 Tipo: M
135 - Coordendas: [1.29809550096605, 0.6995850622406639, 1.3968366049992937, 1.3757954277633748, 0.7747409520949091, 1.293742644174186, 0.7945686900958466, 1.7529880478087652, 0.902027027027027, 0.5041002277904328]
 Tipo: M
136 - Coordendas: [0.5933388536203882, 0.4116182572614107, 0.5938426775879113, 0.49717181239688896, 0.4200330379936929, 0.213318948607297, 0.18715654952076677, 0.402859151628779, 0.36351351351351346, 0.11070615034168572]
 Tipo: M
137 - Coordendas: [0.8537123930444384, 0.5049792531120331, 0.8997316763169044, 0.8052085788357294, 0.8107823997597239, 0.5341310317771675, 0.5747603833865815, 0.9352003749707055, 0.5466216216216216, 0.3068337129840547]
 Tipo: M
138 - Coordendas: [0.6687827767043886, 0.5161825726141077, 0.743256602174834, 0.5917982559509781, 0.6365820693797868, 0.8896626127893292, 0.6821086261980831, 1.0139442231075697, 0.6006756756756756, 0.4799544419134396]
 Tipo: M
139 - Coordendas: [1.1600883245928786, 0.6344398340248962, 1.1850021183448665, 1.2343860476078246, 0.6110527106172099, 0.38902510788544536, 0.5287539936102237, 1.0619873447386923, 0.40743243243243243, 0.046924829157175385]
 Tipo: M
140 - Coordendas: [0.7433066519459012, 0.4199170124481327, 0.7980511227227792, 0.6623851048786237, 0.6215647995194475, 0.6665358964299725, 0.5431309904153355, 1.0329271150691353, 0.5371621621621621, 0.25034168564920256]
 Tipo: M
141 - Coordendas: [1.14260741558561, 0.5721991701244813, 1.2047733370992797, 1.1919632335611596, 0.6035440756870402, 0.6689878383679874, 0.6546325878594249, 1.0412467775955003, 0.6202702702702703, 0.18564920273348512]
 Tipo: M
142 - Coordendas: [1.0128806697948292, 0.454356846473029, 1.0451913571529443, 0.9995286353994816, 0.6170596185613456, 0.54442918791683, 0.38370607028753995, 1.0339817201781112, 0.6297297297297296, 0.20136674259681095]
 Tipo: M
143 - Coordendas: [0.839911675407121, 0.34605809128630705, 0.8658381584521959, 0.7889465001178412, 0.521099264153777, 0.46253432718713217, 0.30182108626198084, 0.6963909069603937, 0.5412162162162161, 0.24214123006833713]
 Tipo: M
144 - Coordendas: [0.7111049774588278, 0.4929460580912862, 0.7309702019488772, 0.6049964647654961, 0.7687340441507734, 0.574342879560612, 0.4130990415335463, 0.9518397000234357, 0.6533783783783782, 0.35831435079726653]
 Tipo: M
145 - Coordendas: [1.5207470788481001, 0.604149377593361, 1.5719531139669538, 1.889582842328541, 0.6666166091004656, 0.5341310317771675, 0.7373801916932907, 1.6522146707288492, 0.49797297297297294, 0.07312072892938491]
 Tipo: M
146 - Coordendas: [0.7249056950961449, 0.5601659751037344, 0.7994633526338089, 0.6220834315342917, 0.6290734344496173, 0.8759317379364457, 0.5421725239616613, 1.0403093508319663, 0.45743243243243237, 0.3387243735763098]
 Tipo: M
147 - Coordendas: [0.7939092832827306, 0.4012448132780082, 0.7938144329896907, 0.724840914447325, 0.23862441808079293, 0.18036484896037663, 0.13447284345047925, 0.3336067494726974, 0.3290540540540541, 0.05876993166287013]
 Tipo: M
148 - Coordendas: [1.0092004784248778, 0.42738589211618255, 0.9943510803558818, 0.9880980438369078, 0.3230214746959003, 0.23460180462926639, 0.2330031948881789, 0.6557300210921022, 0.7222972972972973, -0.03644646924829151]
 Tipo: M
149 - Coordendas: [0.9493973686631704, 0.30580912863070525, 0.9774043214235278, 0.9246995050671695, 0.5750112629523954, 0.4154570419772459, 0.4044728434504792, 0.9787907194750409, 0.5087837837837836, 0.09749430523917993]
 Tipo: M
150 - Coordendas: [1.3238568405557087, 0.2236514522821576, 1.377065386244881, 1.464176290360594, 0.5644991740501577, 0.6479011377010592, 0.6172523961661343, 1.4705882352941178, 0.6168918918918919, 0.22733485193621875]
 Tipo: M
151 - Coordendas: [1.1564081332229275, 0.5601659751037344, 1.2019488772772209, 1.2143530520857884, 0.5780147169244633, 0.5512946253432719, 0.5929712460063897, 1.1963909069603937, 0.6277027027027026, 0.15922551252847386]
 Tipo: M
152 - Coordendas: [1.1794093292851227, 0.49170124481327787, 1.2132467165654568, 1.2803440961583785, 0.47034089202582974, 0.5454099646920361, 0.4063897763578275, 1.0183970002343568, 0.6986486486486486, 0.0902050113895216]
 Tipo: M
153 - Coordendas: [0.6991443555064862, 0.4904564315352697, 0.7572376782940262, 0.5907376855998114, 0.6440907043099564, 0.8210082385249117, 0.45527156549520764, 1.029177408014999, 0.8054054054054054, 0.3961275626423689]
 Tipo: M
154 - Coordendas: [0.9401968902382922, 0.6145228215767634, 0.9943510803558818, 0.9261135988687249, 0.6696200630725335, 0.8023734797959984, 0.5405750798722044, 0.9308647761893601, 0.5858108108108108, 0.2965831435079726]
 Tipo: M
155 - Coordendas: [1.154568037537952, 0.3813278008298754, 1.210422256743398, 1.2650247466415272, 0.7882564949692148, 0.710180462926638, 0.7019169329073482, 1.2444340285915163, 0.49459459459459454, 0.311389521640091]
 Tipo: M
156 - Coordendas: [0.9291563161284384, 0.7236514522821575, 0.9519841830249964, 0.9278812161206693, 0.5476798318065776, 0.44929384072185174, 0.3217252396166134, 0.7535739395359738, 0.49527027027027015, 0.24965831435079736]
 Tipo: M
157 - Coordendas: [0.628300671634925, 0.5825726141078837, 0.6746222284987996, 0.5353523450388875, 1.0480552635530862, 0.7719693997646137, 0.49776357827476037, 1.0752284977736113, 0.8047297297297296, 0.5093394077448746]
 Tipo: M
158 - Coordendas: [1.678075259913515, 0.6307053941908713, 1.8035588193757945, 2.0439547489983503, 0.6576062471842621, 1.211847783444488, 1.0667731629392971, 2.1619404734005156, 0.5195945945945946, 0.36378132118451034]
 Tipo: M
159 - Coordendas: [1.6237924372067345, 0.4933609958506224, 1.7188250247140235, 2.000353523450389, 0.6080492566451419, 0.9377206747744214, 0.7380191693290735, 1.7236934614483244, 0.629054054054054, 0.353986332574032]
 Tipo: M
160 - Coordendas: [1.0165608611647805, 0.2962655601659751, 1.040954667419856, 0.9975253358472779, 0.4048655954347499, 0.5091212240094155, 0.3482428115015974, 0.7328333723927818, 0.44594594594594583, 0.1355353075170842]
 Tipo: M
161 - Coordendas: [0.7331861256785351, 0.3261410788381742, 0.7493291907922609, 0.6299787885929766, 0.8137858537317917, 0.5449195763044331, 0.4916932907348243, 1.0105460510897586, 0.606081081081081, 0.2348519362186788]
 Tipo: M
162 - Coordendas: [0.6844235900266813, 0.4174273858921161, 0.7158593419008615, 0.58802733914683, 0.525754617810482, 0.46449588073754416, 0.29993610223642175, 0.6842043590344504, 0.5533783783783784, 0.27448747152619585]
 Tipo: M
163 - Coordendas: [1.0846444015088783, 0.48630705394190865, 1.1172150826154499, 1.1177233089794956, 0.4302447814987237, 0.5924872499019223, 0.33865814696485624, 0.7136161237403328, 0.6033783783783784, 0.20455580865603648]
 Tipo: M
164 - Coordendas: [0.9641181341429754, 1.2269709543568463, 0.983053241067646, 0.915743577657318, 0.5347649797266858, 0.5414868575912122, 0.45271565495207666, 1.0324584016873681, 0.5060810810810811, 0.17790432801822317]
 Tipo: M
165 - Coordendas: [1.250253013156684, 0.3344398340248962, 1.2584380737184016, 1.3934716002828187, 0.33383390899534465, 0.2906041584935269, 0.27763578274760387, 0.8222404499648465, 0.508108108108108, 0.1097949886104783]
 Tipo: M
166 - Coordendas: [0.6871837335541446, 0.43609958506224056, 0.7160005648919643, 0.5882630214470893, 0.5437753416428894, 0.496371125931738, 0.37699680511182104, 0.7007265057417389, 0.6013513513513513, 0.29179954441913425]
 Tipo: M
167 - Coordendas: [0.4084092372803385, 0.4427385892116181, 0.4771924869368733, 0.2858826302144709, 1.2012314161285478, 1.2971753628874068, 0.7712460063897764, 1.2327161940473401, 1.0385135135135133, 1.038496583143508]
 Tipo: M
168 - Coordendas: [1.1150059803109762, 0.687966804979253, 1.2047733370992797, 1.1648597690313458, 0.8858687490614207, 0.7832483326794822, 0.6188498402555911, 1.7213498945394892, 0.38783783783783776, 0.46446469248291566]
 Tipo: M
169 - Coordendas: [1.0892446407213174, 0.508713692946058, 1.1285129219036858, 1.1389347160028283, 0.5900285328127347, 0.5861122008630836, 0.5092651757188498, 1.0246074525427702, 0.5966216216216216, 0.2157175398633257]
 Tipo: M
