0 - Coordendas: [0.6319808630048761, 0.3112033195020747, 0.6305606552746786, 0.5246288003770917, 0.31795612530468537, 0.20526109915900645, 0.03456669912366115, 0.13370049214905086, 0.36091205211726374, 0.16059225512528474]
 Tipo: B
1 - Coordendas: [0.4829331125218511, 0.40871369294605797, 0.49074989408275677, 0.3741456516615602, 0.39026812313803383, 0.300655192646196, 0.10192307692307692, 0.48125146472931807, 0.5986970684039087, 0.18861047835990893]
 Tipo: B
2 - Coordendas: [0.41300947649277764, 0.26224066390041495, 0.41279480299392735, 0.30544426113598866, 0.344226776202943, 0.19303735575982792, 0.0629746835443038, 0.2720881181157722, 0.3739413680781758, 0.27038724373576306]
 Tipo: B
3 - Coordendas: [0.5418161744410708, 0.2697095435684647, 0.54497952266629, 0.4344803205279284, 0.37573350185068166, 0.20931938196753377, 0.0949367088607595, 0.18924302788844624, 0.6188925081433224, 0.13302961275626418]
 Tipo: B
4 - Coordendas: [0.5583770356058515, 0.17136929460580907, 0.5496398813726874, 0.4561630921517794, 0.2788661189852848, 0.08786426755329553, 0.011097857838364167, 0.10345676119053199, 0.2560260586319219, 0.07585421412300682]
 Tipo: B
5 - Coordendas: [0.7258257429386327, 0.4356846473029045, 0.7390199124417456, 0.6332783407966062, 0.3903584002888869, 0.3132700958341482, 0.16611489776046737, 0.5801499882821655, 0.2781758957654723, 0.12824601366742602]
 Tipo: B
6 - Coordendas: [0.7368663170484865, 0.5145228215767634, 0.7589323541872617, 0.6483620080131982, 0.2935812945743433, 0.40641502053588896, 0.16696689386562805, 0.45418326693227096, 0.5758957654723126, 0.1658314350797267]
 Tipo: B
7 - Coordendas: [0.4111693808078019, 0.467219917012448, 0.4239514192910606, 0.30403016733443317, 0.5197255574614067, 0.3629962839820067, 0.11175754625121713, 0.26165924537145535, 0.5094462540716612, 0.41457858769931666]
 Tipo: B
8 - Coordendas: [0.7193854080412181, 0.3298755186721991, 0.7356305606552747, 0.626090030638699, 0.35352532274081433, 0.33991785644435757, 0.09905063291139239, 0.2648230606983829, 0.5426710097719869, 0.1596810933940775]
 Tipo: B
9 - Coordendas: [0.46637225135707056, 0.204149377593361, 0.4836887445276092, 0.3603582370963941, 0.455628780355692, 0.3497946411108938, 0.16046738072054528, 0.32212327161940474, 0.4006514657980456, 0.19544419134396349]
 Tipo: B
10 - Coordendas: [0.38172784984819214, 0.2867219917012448, 0.3767829402626747, 0.27999057270798966, 0.2607204116638079, 0.09270486993937023, 0.03332521908471276, 0.16053433325521443, 0.29381107491856684, 0.2193621867881549]
 Tipo: B
11 - Coordendas: [0.5445763179685343, 0.2576763485477178, 0.5641858494562914, 0.4344803205279284, 0.30820619301254853, 0.37018384510072366, 0.11913339824732229, 0.3618467307241622, 0.4677524429967427, 0.23917995444191348]
 Tipo: B
12 - Coordendas: [0.3016836875517526, 0.10414937759336099, 0.3101256884620816, 0.2098750883808626, 0.42728175498781257, 0.2740074320359867, 0.04681110029211295, 0.23060698382938832, 0.4820846905537458, 0.315261958997722]
 Tipo: B
13 - Coordendas: [0.5188149783788756, 0.5917012448132779, 0.5304335545826859, 0.41586141880744754, 0.2383316782522344, 0.2733717973792294, 0.13237585199610516, 0.23857511131942816, 0.2957654723127036, 0.18997722095671982]
 Tipo: B
14 - Coordendas: [0.6890238292391204, 0.63402489626556, 0.7346419997175541, 0.6044072590148479, 0.3226505371490476, 0.5066497164091531, 0.24561830574488802, 0.45582376376845557, 0.5289902280130293, 0.26332574031890643]
 Tipo: B
15 - Coordendas: [0.493053638789217, 0.10622406639004144, 0.4963988137268747, 0.3829837379212821, 0.33763654419066536, 0.2136221396440446, 0.07200584225900682, 0.310171080384345, 0.40977198697068395, 0.1419134396355353]
 Tipo: B
16 - Coordendas: [0.5786180881405832, 0.20954356846473024, 0.5783081485665865, 0.4810275748291304, 0.18885979958472515, 0.15240563270095833, 0.07938169425511198, 0.3102882587297867, 0.21237785016286645, 0.03029612756264232]
 Tipo: B
17 - Coordendas: [0.5694176097157051, 0.35311203319502066, 0.5718118909758508, 0.46405844921046424, 0.19888056332942136, 0.19831801290827306, 0.11828140214216164, 0.33630185141785796, 0.25667752442996744, 0.08291571753986327]
 Tipo: B
18 - Coordendas: [0.3329653141963381, 0.38340248962655593, 0.35997740432142356, 0.23909969361300962, 0.3994763925250519, 0.46606688832388027, 0.15547711781888995, 0.30958518865713613, 0.5615635179153095, 0.29749430523917986]
 Tipo: B
19 - Coordendas: [0.7249056950961449, 0.3, 0.7216494845360825, 0.6247937779872732, 0.33050464927326895, 0.25112458439272445, 0.08145082765335929, 0.3371220998359503, 0.3342019543973941, 0.11799544419134389]
 Tipo: B
20 - Coordendas: [0.46637225135707056, 0.5398340248962654, 0.49371557689591866, 0.3585906198444497, 0.15094339622641506, 0.4298846078623118, 0.19335443037974684, 0.34895711272556834, 0.09315960912052121, 0.335763097949886]
 Tipo: B
21 - Coordendas: [0.4764927776244364, 0.34522821576763485, 0.487219319305183, 0.36742870610417155, 0.34521982486232744, 0.2884803442206142, 0.07098344693281401, 0.17893133348957113, 0.26319218241042347, 0.25034168564920256]
 Tipo: B
22 - Coordendas: [0.6108197626276565, 0.5609958506224065, 0.6129077813868097, 0.5063634221069998, 0.35957389184797334, 0.23513592802659888, 0.07239532619279454, 0.28626669791422543, 0.3934853420195439, 0.14031890660592253]
 Tipo: B
23 - Coordendas: [0.2823626828595087, 0.3244813278008299, 0.29120180765428605, 0.19714824416686308, 0.4339622641509434, 0.2634461177390965, 0.061124634858812074, 0.20799156315912817, 0.5407166123778501, 0.2610478359908885]
 Tipo: B
24 - Coordendas: [0.11390192289999074, 0.4560165975103734, 0.13387939556559814, 0.07117605467829366, 0.3739279588336192, 0.5433209466066888, 0.32156767283349563, 0.2540426529177408, 0.7570032573289902, 0.7006833712984055]
 Tipo: B
25 - Coordendas: [0.5758579446131198, 0.4323651452282157, 0.6083886456715154, 0.47065755361772327, 0.2727272727272727, 0.5032270682573833, 0.24586173320350538, 0.3319662526365128, 0.35244299674267093, 0.2840546697038725]
 Tipo: B
26 - Coordendas: [0.4176097157052166, 0.21659751037344394, 0.42479875723767835, 0.3096865425406552, 0.4393788932021306, 0.28701349501271267, 0.1053554040895813, 0.343215373798922, 0.5361563517915309, 0.2239179954441913]
 Tipo: B
27 - Coordendas: [0.4608519643021437, 0.6298755186721992, 0.4776161559101822, 0.35093094508602407, 0.4547260088471608, 0.35595540778407986, 0.13244888023369036, 0.5008202484180924, 0.49511400651465787, 0.3792710706150343]
 Tipo: B
28 - Coordendas: [0.39460851964302135, 0.13485477178423236, 0.4147719248693687, 0.28611831251473013, 0.6415997111131173, 0.4484646978290632, 0.19230769230769232, 0.6503398172017811, 0.6241042345276873, 0.39384965831435065]
 Tipo: B
29 - Coordendas: [0.7019044990339496, 0.24813278008298748, 0.6904392035023302, 0.6144237567758661, 0.21260269025909542, 0.0771073733620184, 0.03522395326192795, 0.21994375439418795, 0.3726384364820847, 0.015945330296127543]
 Tipo: B
30 - Coordendas: [0.2572453767595914, 0.30207468879668037, 0.26422821635362237, 0.17287296724016024, 0.46104540940687916, 0.3161548992763544, 0.1055014605647517, 0.2083430981954535, 0.3413680781758958, 0.42824601366742604]
 Tipo: B
31 - Coordendas: [0.540896126598583, 0.14979253112033192, 0.5511933342748199, 0.4257600754183361, 0.5486142457344046, 0.33717973792294154, 0.09250243427458617, 0.39840637450199207, 0.314657980456026, 0.2940774487471526]
 Tipo: B
32 - Coordendas: [0.41944981139019216, 0.19626556016597504, 0.4358141505437086, 0.3056799434362479, 0.42619842917757517, 0.4528652454527675, 0.16399707887049658, 0.3039606280759316, 0.49381107491856663, 0.36378132118451034]
 Tipo: B
33 - Coordendas: [0.25402520931088424, 0.3904564315352697, 0.25617850586075414, 0.17228376148951213, 0.4953507267310644, 0.31268335615098775, 0.021747809152872444, 0.23048980548394657, 0.9628664495114008, 0.42004555808656047]
 Tipo: B
34 - Coordendas: [0.1554880853804397, 0.19668049792531112, 0.15012003954243755, 0.09863304265849633, 0.3498239595558365, 0.11431644826911794, 0.0, 0.0, 0.4312703583061888, 0.3505694760820044]
 Tipo: B
35 - Coordendas: [0.34308584046370416, 0.44315352697095434, 0.3630843101256885, 0.23733207636106526, 0.5016701272907828, 0.5354977508312145, 0.2056475170399221, 0.3359503163815327, 0.39609120521172636, 0.38200455580865605]
 Tipo: B
36 - Coordendas: [0.6402612935872665, 0.14356846473029042, 0.6569693546109306, 0.5311100636342211, 0.6515301977069603, 0.38221200860551535, 0.24586173320350538, 0.775134755097258, 0.5967426710097719, 0.28974943052391805]
 Tipo: B
37 - Coordendas: [0.4516514858772656, 0.3174273858921161, 0.45770371416466604, 0.3442139995286354, 0.630766453010743, 0.2577743008018776, 0.14432814021421617, 0.8675884696508085, 0.6221498371335504, 0.15717539863325733]
 Tipo: B
38 - Coordendas: [0.49489373447419255, 0.5016597510373444, 0.5082615449795227, 0.3801555503181711, 0.31678252234359494, 0.36705456679053394, 0.14642161635832524, 0.43883290367940003, 0.5667752442996742, 0.2776765375854214]
 Tipo: B
39 - Coordendas: [0.5004140215291194, 0.221161825726141, 0.4917384550204773, 0.3924110299316521, 0.24040805272185609, 0.07114218658321926, 0.02563291139240506, 0.1298336067494727, 0.3166123778501628, 0.1296127562642369]
 Tipo: B
40 - Coordendas: [0.6338209586898518, 0.4560165975103734, 0.6493433130913712, 0.5200329955220362, 0.3895459059312089, 0.40299237238411895, 0.08977604673807206, 0.277595500351535, 0.36482084690553745, 0.3423690205011388]
 Tipo: B
41 - Coordendas: [0.3826478976906799, 0.1809128630705394, 0.38765711057760194, 0.28411501296252656, 0.18154735036562245, 0.20174066106004304, 0.10966407010710807, 0.17236934614483246, 0.41042345276872966, 0.20455580865603648]
 Tipo: B
42 - Coordendas: [0.2961634004968257, 0.32240663900414934, 0.300240079084875, 0.20940372378034408, 0.2519635280310554, 0.1940641502053589, 0.1405550146056475, 0.1254980079681275, 0.5889250814332246, 0.25740318906605913]
 Tipo: B
43 - Coordendas: [0.43509062471248505, 0.2381742738589211, 0.4411806242056207, 0.32618430355880274, 0.5630585898709038, 0.2612458439272443, 0.09751703992210321, 0.3808296226857277, 0.6182410423452768, 0.3009111617312074]
 Tipo: B
44 - Coordendas: [0.3587266537859969, 0.24522821576763476, 0.375935602316057, 0.2538298373792128, 0.4339622641509434, 0.42792880891844315, 0.12451314508276534, 0.18408718068900864, 0.5218241042345275, 0.37630979498861045]
 Tipo: B
45 - Coordendas: [0.17453307571993742, 0.2398340248962655, 0.1828837734783223, 0.11489512137638463, 0.27353976708495087, 0.28163504791707417, 0.11492210321324246, 0.2790016404968362, 0.5667752442996742, 0.32710706150341695]
 Tipo: B
46 - Coordendas: [0.3228447879289723, 0.36929460580912854, 0.32580144047450926, 0.224840914447325, 0.48903132617134615, 0.23176217484842562, 0.055915287244401174, 0.208577454886337, 0.2749185667752443, 0.32232346241457865]
 Tipo: B
47 - Coordendas: [0.2924832091268746, 0.4099585062240663, 0.2957209433695806, 0.19820881451802969, 0.43035117811681867, 0.27214942303931156, 0.012232229795520935, 0.13077103351300678, 0.4762214983713355, 0.2610478359908885]
 Tipo: B
48 - Coordendas: [0.439690863924924, 0.4933609958506224, 0.4368027114814292, 0.3351402309686542, 0.3045951069784238, 0.1480539800508508, 0.04033592989289192, 0.13065385516756503, 0.2833876221498371, 0.16013667425968112]
 Tipo: B
49 - Coordendas: [0.280522587174533, 0.4800829875518672, 0.273972602739726, 0.19302380391232618, 0.2576509885348019, 0.09651867787991396, 0.006012658227848101, 0.06045230841340521, 0.3713355048859935, 0.28564920273348526]
 Tipo: B
50 - Coordendas: [0.5427362222835588, 0.7970954356846472, 0.5466741985595255, 0.4369549846806504, 0.25819265143992054, 0.19000586739683162, 0.15080331061343719, 0.2745488633700492, 0.32964169381107483, 0.11913439635535304]
 Tipo: B
51 - Coordendas: [0.6052994755727298, 0.1738589211618257, 0.632679000141223, 0.4923403252415743, 0.4736842105263158, 0.4880696264424017, 0.19133398247322297, 0.5215608155612843, 0.5876221498371336, 0.2546697038724374]
 Tipo: B
52 - Coordendas: [0.6126598583126323, 0.2443983402489626, 0.6155910182177657, 0.5088380862597218, 0.37555294754897534, 0.2294152161157833, 0.11453261927945473, 0.4371924068432154, 0.4280130293159608, 0.10820045558086554]
 Tipo: B
53 - Coordendas: [0.3835679455331677, 0.1398340248962655, 0.3824318599067929, 0.2809333019090266, 0.40543468448135783, 0.1552415411695678, 0.04824732229795521, 0.20928052495898758, 0.5016286644951139, 0.20956719817767652]
 Tipo: B
54 - Coordendas: [0.6503818198546324, 0.7236514522821575, 0.6720802146589464, 0.5384162149422578, 0.42123318588065367, 0.45579894386857034, 0.10861733203505355, 0.5043355987813453, 0.31074918566775245, 0.22460136674259681]
 Tipo: B
55 - Coordendas: [0.43509062471248505, 0.28879668049792534, 0.4368027114814292, 0.3300730615130804, 0.4736842105263158, 0.20325640524154118, 0.08743914313534566, 0.30466369814858213, 0.18175895765472305, 0.17312072892938501]
 Tipo: B
56 - Coordendas: [0.5454963658110221, 0.2746887966804978, 0.5470978675328344, 0.4394296488333726, 0.24176220998465284, 0.1676119694895365, 0.0942794547224927, 0.2785329271150691, 0.5009771986970684, 0.1097949886104783]
 Tipo: B
57 - Coordendas: [0.5188149783788756, 0.308713692946058, 0.5201242762321706, 0.41173697855291064, 0.2997201408323554, 0.17074124779972621, 0.07220058422590069, 0.2662292008436841, 0.4814332247557003, 0.14601366742596808]
 Tipo: B
58 - Coordendas: [0.478332873309412, 0.3373443983402489, 0.4801581697500354, 0.36247937779872735, 0.46826758147512865, 0.2502933698415803, 0.06061343719571567, 0.3446215139442231, 0.5472312703583061, 0.3302961275626425]
 Tipo: B
59 - Coordendas: [0.377127610635753, 0.20746887966804978, 0.37311114249399796, 0.2700919160971011, 0.4330594926424122, 0.18604537453549777, 0.057521908471275564, 0.30267166627607217, 0.32964169381107483, 0.3380410022779043]
 Tipo: B
60 - Coordendas: [0.6025393320452662, 0.05103734439834019, 0.6230758367462222, 0.48986566108885227, 0.6903493725738016, 0.41717191472716614, 0.16740506329113924, 0.768221232716194, 0.8749185667752444, 0.3316628701594532]
 Tipo: B
61 - Coordendas: [0.5326156960161927, 0.48547717842323646, 0.5398954949865837, 0.4288239453217063, 0.3147061478739731, 0.2279972618814786, 0.07575462512171373, 0.3355987813452074, 0.41302931596091197, 0.25102505694760807]
 Tipo: B
62 - Coordendas: [0.1605483485141228, 0.2539419087136929, 0.17017370427905668, 0.10299316521329249, 0.5630585898709038, 0.3062292196362214, 0.1005842259006816, 0.22545113662995078, 0.38371335504885984, 0.5576309794988609]
 Tipo: B
63 - Coordendas: [0.5436562701260466, 0.18257261410788375, 0.5812738313797486, 0.4344803205279284, 0.31569919653335743, 0.5633678857813417, 0.3344693281402142, 0.4663698148582142, 0.3491856677524429, 0.2788154897494304]
 Tipo: B
64 - Coordendas: [0.43785076823994845, 0.20663900414937753, 0.4592571670667985, 0.33290124911619134, 0.2560259998194458, 0.3776158810874242, 0.16372930866601754, 0.3092336536208109, 0.28599348534201957, 0.35831435079726653]
 Tipo: B
65 - Coordendas: [0.32468488361394787, 0.5551867219917012, 0.32566021748340623, 0.22472307329719537, 0.441184436219193, 0.2375806767064346, 0.060735150925024343, 0.21970939770330442, 0.41368078175895767, 0.31230068337129824]
 Tipo: B
66 - Coordendas: [0.5951789493053637, 0.3564315352697095, 0.6045756249117356, 0.4850341739335376, 0.4475038367789113, 0.3044690005867397, 0.09673807205452775, 0.32575580032809937, 0.3765472312703583, 0.11958997722095667]
 Tipo: B
67 - Coordendas: [0.3927684239580458, 0.2103734439834024, 0.3896342324530433, 0.29047843506952625, 0.27471337004604135, 0.12321533346371995, 0.002370253164556962, 0.03446215139442231, 0.46449511400651466, 0.20410022779043285]
 Tipo: B
68 - Coordendas: [0.5436562701260466, 0.24854771784232357, 0.5689874311537918, 0.4396653311336319, 0.23065812042971925, 0.37365538822609035, 0.27142161635832524, 0.3972345910475744, 0.24234527687296412, 0.17084282460136674]
 Tipo: B
69 - Coordendas: [0.5151347870089245, 0.3605809128630704, 0.5089676599350373, 0.4071411736978553, 0.2825674821702628, 0.1113827498533151, 0.004527750730282376, 0.034262948207171316, 0.41498371335504874, 0.1526195899772209]
 Tipo: B
70 - Coordendas: [0.3467660318336553, 0.21825726141078836, 0.34557265922892255, 0.24958755597454632, 0.22840119165839126, 0.15651281048308233, 0.054795520934761435, 0.09227794703538786, 0.22084690553745925, 0.11457858769931661]
 Tipo: B
71 - Coordendas: [0.5040942128990707, 0.12946058091286303, 0.49484536082474223, 0.39335375913268916, 0.1903945111492281, 0.10292391942108352, 0.017461051606621227, 0.13463791891258495, 0.3602605863192182, 0.18861047835990893]
 Tipo: B
72 - Coordendas: [0.6255405281074614, 0.2522821576763485, 0.6295720943369582, 0.5213292481734622, 0.3208449941319852, 0.2337179737922942, 0.025681596884128532, 0.11644012186547925, 0.22475570032573297, 0.15102505694760812]
 Tipo: B
73 - Coordendas: [0.4148495721777532, 0.20248962655601654, 0.42649343313091365, 0.3080367664388404, 0.4691703529836599, 0.30754938392333275, 0.12921129503407985, 0.23072416217483008, 0.4684039087947882, 0.31640091116173136]
 Tipo: B
74 - Coordendas: [0.4498113901922899, 0.49087136929460573, 0.46660076260415195, 0.33997171812396887, 0.1218741536517107, 0.42548406023860746, 0.21365628042843232, 0.279587532224045, 0.18827361563517908, 0.3250569476082004]
 Tipo: B
75 - Coordendas: [0.30720397460667953, 0.27551867219917014, 0.3039118768535518, 0.2137638463351402, 0.37654599620835966, 0.14942303931155876, 0.024634858812074004, 0.06438950082024841, 0.537459283387622, 0.23143507972665153]
 Tipo: B
76 - Coordendas: [0.5335357438586805, 0.2813278008298754, 0.530716000564892, 0.4230497289653547, 0.4123860250970479, 0.16115783297477018, 0.0889240506329114, 0.3355987813452074, 0.34527687296416937, 0.10660592255125277]
 Tipo: B
77 - Coordendas: [0.709264881773852, 0.1771784232365145, 0.7686767405733653, 0.6040537355644591, 0.455628780355692, 0.8029532564052416, 0.3529698149951314, 0.7382235762831029, 0.6684039087947883, 0.5059225512528474]
 Tipo: B
78 - Coordendas: [0.22467568313552302, 0.7539419087136928, 0.21847196723626605, 0.1506009898656611, 0.25819265143992054, 0.14829845491883434, 0.0, 0.0, 0.4442996742671009, 0.19908883826879265]
 Tipo: B
79 - Coordendas: [0.42865028981507036, 0.35767634854771774, 0.443157746081062, 0.31699269384869194, 0.5558364178026541, 0.4025034226481518, 0.17210321324245376, 0.4083665338645418, 0.4827361563517915, 0.30410022779043266]
 Tipo: B
80 - Coordendas: [0.22587174533075718, 0.3572614107883817, 0.22638045473803137, 0.15920339382512375, 0.43576780716800584, 0.1964600039115979, 0.06596884128529698, 0.1647527536911179, 0.2905537459283388, 0.40410022779043275]
 Tipo: B
81 - Coordendas: [0.49121354310424137, 0.11120331950207467, 0.49512780680694807, 0.3777987273155786, 0.4529204658300985, 0.24657735184823001, 0.09705452775073029, 0.43355987813452074, 0.5856677524429966, 0.17539863325740315]
 Tipo: B
82 - Coordendas: [0.3016836875517526, 0.2850622406639003, 0.31153791837311107, 0.2089323591798256, 0.32626162318317237, 0.29962839820066495, 0.1060856864654333, 0.28568080618701663, 0.3967426710097719, 0.34829157175398645]
 Tipo: B
83 - Coordendas: [0.26635385040022075, 0.4020746887966804, 0.2847055500635504, 0.18241810040065992, 0.4321567211338811, 0.3793761001369059, 0.14980525803310613, 0.3549332083430982, 0.5765472312703582, 0.25899772209567196]
 Tipo: B
84 - Coordendas: [0.579538135983071, 0.16639004149377593, 0.5931365626323967, 0.46936130096629736, 0.2798591676446691, 0.32451593976139265, 0.12358812074001949, 0.3355987813452074, 0.3628664495114007, 0.09316628701594525]
 Tipo: B
85 - Coordendas: [0.2285398840739718, 0.46887966804979253, 0.23047592148001694, 0.14836200801319818, 0.46736480996659757, 0.2853021709368277, 0.05287244401168452, 0.1762362315444106, 0.4280130293159608, 0.39043280182232337]
 Tipo: B
86 - Coordendas: [0.42220995491765567, 0.3871369294605808, 0.4294591159440757, 0.31369314164506246, 0.2963798862507899, 0.2828085272833953, 0.13351996105160663, 0.16733067729083664, 0.63257328990228, 0.24646924829157182]
 Tipo: B
87 - Coordendas: [0.5399760787560952, 0.4838174273858921, 0.5485100974438638, 0.43719066698090975, 0.2065541211519364, 0.3118521415998436, 0.1491236611489776, 0.21877197093977033, 0.33876221498371334, 0.21161731207289292]
 Tipo: B
88 - Coordendas: [0.3302051706688748, 0.43609958506224056, 0.3722638045473804, 0.22955456045251002, 0.34395594475038377, 0.7168981028750245, 0.555014605647517, 0.6961565502695102, 0.7348534201954396, 0.74373576309795]
 Tipo: B
89 - Coordendas: [0.6181801453675589, 0.3290456431535269, 0.6209574918796781, 0.5038887579542777, 0.4231290060485692, 0.29429884607862317, 0.11071080817916261, 0.3702835715959691, 0.43778501628664485, 0.20569476082004548]
 Tipo: B
90 - Coordendas: [0.4516514858772656, 0.47551867219917016, 0.4603869509956221, 0.34209285882630214, 0.40714995034756707, 0.30226872677488753, 0.06219571567672833, 0.2553316147176002, 0.6247557003257328, 0.2517084282460136]
 Tipo: B
91 - Coordendas: [0.15061183181525442, 0.08630705394190864, 0.14899025561361395, 0.09545133160499646, 0.40525413017965156, 0.16301584197144536, 0.050170399221032135, 0.09138739161003047, 0.4058631921824104, 0.45603644646924835]
 Tipo: B
92 - Coordendas: [0.493053638789217, 0.5190871369294605, 0.5092501059172433, 0.3782700919160971, 0.4384761216935994, 0.40152552317621754, 0.1307205452775073, 0.33067729083665337, 0.3198697068403908, 0.35899772209567204]
 Tipo: B
93 - Coordendas: [0.39552856748550913, 0.15269709543568463, 0.4125123570117215, 0.2843506952627858, 0.5756973909903403, 0.46068844122824176, 0.11282862706913341, 0.5619873447386923, 0.4631921824104234, 0.20205011389521646]
 Tipo: B
94 - Coordendas: [0.6770632072867788, 0.15601659751037342, 0.68803841265358, 0.586495404195145, 0.4191568114110319, 0.2780168198709173, 0.13933787731256086, 0.5393719240684322, 0.6612377850162865, 0.059908883826879276]
 Tipo: B
95 - Coordendas: [0.29340325696936237, 0.21452282157676347, 0.2931789295297274, 0.1984444968182889, 0.5486142457344046, 0.29938392333268143, 0.026387536514118796, 0.15116006561987344, 1.0964169381107491, 0.4043280182232345]
 Tipo: B
96 - Coordendas: [0.40104885454043604, 0.36929460580912854, 0.40912300522525075, 0.29189252887108175, 0.4718786675092534, 0.3207999217680423, 0.10472249269717625, 0.3039606280759316, 0.5648208469055375, 0.23371298405466967]
 Tipo: B
97 - Coordendas: [0.2851228263869721, 0.2240663900414937, 0.28202231323259425, 0.20504360122554796, 0.36146971201588884, 0.1348034422061412, 0.0038875365141187923, 0.02816967424419967, 0.41889250814332246, 0.19658314350797262]
 Tipo: B
98 - Coordendas: [0.7046646425614131, 0.2962655601659751, 0.7120463211410817, 0.615720009427292, 0.3049562155818363, 0.23274007432035987, 0.1263875365141188, 0.32704476212795874, 0.22736156351791528, 0.0387243735763098]
 Tipo: B
99 - Coordendas: [0.4166896678627288, 0.5900414937759335, 0.4339782516593701, 0.30638699033702566, 0.3609280491107701, 0.4044592215920203, 0.2706913339824732, 0.48101710803843456, 0.2136807817589577, 0.31548974943052377]
 Tipo: B
100 - Coordendas: [0.43509062471248505, 0.3103734439834025, 0.43623781951701746, 0.32618430355880274, 0.40724022749842015, 0.20550557402699005, 0.09272151898734177, 0.3795406608858683, 0.29706840390879485, 0.20728929384965825]
 Tipo: B
101 - Coordendas: [0.5197350262213635, 0.45850622406639, 0.5417313938709223, 0.3970068347867075, 0.42159429448406616, 0.4963817719538432, 0.2592502434274586, 0.7055308179048512, 0.4397394136807816, 0.42938496583143504]
 Tipo: B
102 - Coordendas: [0.6954641641365349, 0.7398340248962655, 0.7476345148990257, 0.6072354466179589, 0.5531281032770606, 0.6851163700371602, 0.39897760467380716, 0.862901335833138, 0.809771986970684, 0.4309794988610478]
 Tipo: M
103 - Coordendas: [0.9291563161284384, 0.7236514522821575, 0.9519841830249964, 0.9278812161206693, 0.418434594204207, 0.4479757480930961, 0.24513145082765336, 0.7535739395359738, 0.47752442996742656, 0.24965831435079736]
 Tipo: M
104 - Coordendas: [0.7368663170484865, 0.6427385892116182, 0.7308289789577744, 0.654371906669809, 0.3723029701182631, 0.15612165069430864, 0.05837390457643622, 0.3397000234356691, 0.3289902280130293, 0.07266514806378128]
 Tipo: M
105 - Coordendas: [1.5888306191921977, 0.43526970954356836, 1.72871063409123, 1.9060806033466886, 0.8311817279046674, 1.3070604341873657, 1.038948393378773, 2.3576283102882587, 1.0390879478827362, 0.3854214123006833]
 Tipo: M
106 - Coordendas: [1.1564081332229275, 0.7908713692946057, 1.268323683095608, 1.2532406316285647, 0.360837771959917, 0.913944846469783, 0.4342745861733204, 1.3405202718537614, 0.5426710097719869, 0.23849658314350797]
 Tipo: M
107 - Coordendas: [0.9263961726009752, 0.3887966804979252, 0.983053241067646, 0.8855762432241339, 0.554933646294123, 0.6738705261099159, 0.46494644595910417, 1.2772439653152097, 0.6977198697068404, 0.25968109339407747]
 Tipo: M
108 - Coordendas: [1.1306467936332687, 0.6954356846473028, 1.1878265781669257, 1.2002121140702333, 0.37356685023020675, 0.7457461372970858, 0.40335929892891914, 0.8897351769393016, 0.5166123778501628, 0.24510250569476077]
 Tipo: M
109 - Coordendas: [1.2125310516146839, 0.412863070539419, 1.23301793531987, 1.3321942022154136, 0.24889410490204925, 0.3239780950518286, 0.2811587147030185, 0.9053198968830559, 0.565472312703583, -0.02027334851936223]
 Tipo: M
110 - Coordendas: [1.0846444015088783, 0.48630705394190865, 1.1172150826154499, 1.1177233089794956, 0.34783786223706786, 0.5907490709955017, 0.25803310613437197, 0.7136161237403328, 0.5817589576547231, 0.20455580865603648]
 Tipo: M
111 - Coordendas: [0.854632440886926, 0.45643153526970953, 0.8912582968507273, 0.7897713881687486, 0.5802112485329963, 0.5501662429102288, 0.35978578383641674, 0.9946097961096789, 0.5785016286644951, 0.2487471526195901]
 Tipo: M
112 - Coordendas: [1.3238568405557087, 0.2236514522821576, 1.377065386244881, 1.464176290360594, 0.42854563509975624, 0.6460003911597888, 0.4703018500486855, 1.4705882352941178, 0.5947882736156351, 0.22733485193621875]
 Tipo: M
113 - Coordendas: [0.80678995307756, 0.3946058091286306, 0.8940827566727862, 0.724840914447325, 0.6470163401643044, 1.0611187169958929, 0.7093476144109055, 1.4553550503866886, 0.8566775244299674, 0.5507972665148063]
 Tipo: M
114 - Coordendas: [0.8978746894838529, 0.4929460580912862, 0.9364496540036717, 0.8555267499410794, 0.3924347747585087, 0.5584783884216703, 0.3281402142161636, 0.7051792828685258, 0.5446254071661236, 0.10728929384965828]
 Tipo: M
115 - Coordendas: [1.4986659306283927, 0.5116182572614106, 1.5295862166360683, 1.8176997407494697, 0.2867202311095063, 0.4650889888519461, 0.32229795520934756, 1.1368643074759783, 0.4827361563517915, 0.08382687927107067]
 Tipo: M
116 - Coordendas: [1.4931456435734656, 0.7161825726141078, 1.5493574353904815, 1.7988451567287296, 0.3833167825223436, 0.7276549970663015, 0.4746835443037975, 1.4494961331146006, 0.5530944625407165, 0.2560364464692481]
 Tipo: M
117 - Coordendas: [0.6871837335541446, 0.43609958506224056, 0.7160005648919643, 0.5882630214470893, 0.4160873882820259, 0.4949149227459418, 0.2872444011684518, 0.7007265057417389, 0.5798045602605862, 0.29179954441913425]
 Tipo: M
118 - Coordendas: [0.8518722973594625, 0.37593360995850617, 0.9180906651602879, 0.7796370492576008, 0.4872257831542837, 0.7863289653823587, 0.4741966893865628, 1.060698382938833, 0.5315960912052116, 0.34145785876993157]
 Tipo: M
119 - Coordendas: [0.493053638789217, 0.7116182572614107, 0.5276090947606271, 0.39347160028281875, 0.45833709488128566, 0.5667905339331117, 0.26411879259980525, 0.5345676119053199, 0.575244299674267, 0.3990888382687927]
 Tipo: M
120 - Coordendas: [1.2143711472996594, 0.5917012448132779, 1.410958904109589, 1.2980202686778222, 0.6858355150311456, 1.5940739292000783, 0.9138266796494645, 1.8795406608858682, 1.2026058631921825, 0.6735763097949887]
 Tipo: M
121 - Coordendas: [1.2511730609991716, 0.5157676348547717, 1.2838582121169326, 1.3510487862361535, 0.3454906563148867, 0.5643457852532759, 0.39922103213242455, 1.1203421607686899, 0.4592833876221497, -0.0366742596810934]
 Tipo: M
122 - Coordendas: [1.3588186585702455, 0.4680497925311202, 1.4617991809066517, 1.5879094979967003, 0.37356685023020675, 0.8640719734011344, 0.5343232716650438, 1.2749003984063745, 0.4306188925081433, 0.22984054669703877]
 Tipo: M
123 - Coordendas: [1.2410525347318058, 0.45477178423236514, 1.2838582121169326, 1.36165448974782, 0.3514489482711926, 0.5472325444944259, 0.37074001947419666, 1.1893602062338882, 0.7205211726384363, 0.05330296127562646]
 Tipo: M
124 - Coordendas: [0.7497469868433159, 0.83402489626556, 0.7473520689168196, 0.6787650247466415, 0.275977250157985, 0.13040289458243692, 0.11407010710808178, 0.32095148816498714, 0.5159609120521172, 0.024829157175398648]
 Tipo: M
125 - Coordendas: [1.1214463152083909, 0.6261410788381743, 1.251376924163254, 1.1542540655196794, 0.40417080436941416, 1.1070799921768042, 0.5026777020447907, 1.3100539020389033, 0.8710097719869705, 0.5956719817767654]
 Tipo: M
126 - Coordendas: [0.7801085656454135, 0.0904564315352697, 0.8291201807654286, 0.6992693848691963, 0.6596551412837411, 0.6655583805984745, 0.49464459591041865, 1.2854464494961333, 0.5902280130293158, 0.4291571753986333]
 Tipo: M
127 - Coordendas: [1.1683687551752688, 0.4966804979253111, 1.216071176387516, 1.2379212821117134, 0.4093166019680419, 0.5599452376295716, 0.4535053554040896, 1.2924771502226389, 0.6657980456026057, 0.12072892938496581]
 Tipo: M
128 - Coordendas: [0.7635477044806328, 0.5269709543568464, 0.7785623499505719, 0.6682771623851049, 0.34251151033673377, 0.4196166634070018, 0.13084225900681598, 0.38235294117647056, 0.43452768729641683, 0.25785876993166296]
 Tipo: M
129 - Coordendas: [1.071763731714049, 0.6390041493775933, 1.1440474509250105, 1.1130096629743107, 0.4854202401372213, 0.8278896929395659, 0.564508276533593, 1.4576986172955237, 0.7315960912052116, 0.2305239179954441]
 Tipo: M
130 - Coordendas: [0.6439414849572177, 0.41120331950207467, 0.6684084168902698, 0.5373556445910912, 0.48180915410309655, 0.45922159202034035, 0.2740993184031159, 0.7573236465901102, 0.3967426710097719, 0.3095671981776765]
 Tipo: M
131 - Coordendas: [0.9236360290735116, 0.592116182572614, 0.9745798616014686, 0.8906434126797077, 0.6054888507718696, 0.6367103461764131, 0.5883641674780915, 1.4096554956644012, 0.7739413680781758, 0.27266514806378134]
 Tipo: M
132 - Coordendas: [0.7433066519459012, 0.4199170124481327, 0.7980511227227792, 0.6623851048786237, 0.4628509524239416, 0.6645804811265402, 0.4138266796494645, 1.0329271150691353, 0.517915309446254, 0.25034168564920256]
 Tipo: M
133 - Coordendas: [0.5537767963934124, 0.5024896265560166, 0.6172856941110013, 0.4434362479377798, 0.6740994854202401, 0.8498924310580873, 0.4525316455696203, 1.0959690649168035, 0.8403908794788273, 0.5020501138952164]
 Tipo: M
134 - Coordendas: [1.2520931088416596, 0.4784232365145227, 1.3276373393588479, 1.3864011312750413, 0.5043784418163764, 0.7090749070995501, 0.5326192794547224, 1.313569252402156, 0.5133550488599348, 0.2362186788154897]
 Tipo: M
135 - Coordendas: [0.5638973226607782, 0.24273858921161823, 0.6131902273690156, 0.4556917275512609, 0.7869459239866391, 0.7682378251515745, 0.5041382667964946, 1.1250292945863605, 0.5635179153094462, 0.5710706150341686]
 Tipo: M
136 - Coordendas: [0.7009844511914618, 0.5634854771784231, 0.7086569693546109, 0.614188074475607, 0.3086575787668141, 0.2297085859573636, 0.20423563777994158, 0.6176470588235294, 0.3693811074918567, 0.052619589977220944]
 Tipo: M
137 - Coordendas: [0.922715981231024, 0.43775933609958506, 0.9308007343595537, 0.896535470186189, 0.31678252234359494, 0.2623704283199687, 0.16918208373904578, 0.6315912819310991, 0.629315960912052, 0.008656036446469211]
 Tipo: M
138 - Coordendas: [1.2097709080872203, 0.7692946058091286, 1.2344301652308995, 1.3168748526985623, 0.4077818904035389, 0.4108155681595933, 0.3505355404089581, 1.1472931802202953, 0.4508143322475569, 0.07927107061503409]
 Tipo: M
139 - Coordendas: [1.1076455975710735, 0.6174273858921161, 1.1045050134161842, 1.0988687249587556, 0.33998375011284643, 0.4949149227459418, 0.35735150925024345, 0.9691820951488166, 0.5817589576547231, 0.1011389521640091]
 Tipo: M
140 - Coordendas: [1.264973778636489, 0.8883817427385892, 1.2979805112272278, 1.5030638699033703, 0.37970569648821884, 0.4641110893800118, 0.3327653359298929, 1.0131239746894773, 0.4618892508143322, 0.11138952164009108]
 Tipo: M
141 - Coordendas: [0.377127610635753, 0.3784232365145227, 0.41674904674481, 0.25701154843271273, 0.6226415094339625, 0.9584392724427929, 0.4111489776046738, 0.746074525427701, 0.7400651465798044, 0.6298405466970387]
 Tipo: M
142 - Coordendas: [0.7718281350630231, 0.5414937759336099, 0.7966388928117498, 0.689017204807919, 0.35542114290872984, 0.41179346763152747, 0.27312560856864654, 0.8768455589407077, 0.4280130293159608, 0.207744874715262]
 Tipo: M
143 - Coordendas: [0.8021897138651208, 0.43983402489626544, 0.810761191922045, 0.7342682064576951, 0.3912611717974181, 0.33546841384705656, 0.16049172346640703, 0.6080384344973049, 0.3635179153094462, 0.08291571753986327]
 Tipo: M
144 - Coordendas: [0.5326156960161927, 0.529460580912863, 0.5356588052534953, 0.42752769267028046, 0.3423309560350276, 0.18692548406023862, 0.11467867575462512, 0.31685024607452544, 0.34201954397394135, 0.2004555808656037]
 Tipo: M
145 - Coordendas: [1.0165608611647805, 0.2962655601659751, 1.040954667419856, 0.9975253358472779, 0.33258102374289067, 0.5076276158810874, 0.2653359298928919, 0.7328333723927818, 0.4299674267100976, 0.1355353075170842]
 Tipo: M
146 - Coordendas: [1.1564081332229275, 0.5601659751037344, 1.2019488772772209, 1.2143530520857884, 0.4366705786765371, 0.5496772931742617, 0.45180136319376824, 1.1963909069603937, 0.6052117263843647, 0.15922551252847386]
 Tipo: M
147 - Coordendas: [0.6273806237924372, 0.2522821576763485, 0.6586640305041662, 0.5192081074711289, 0.4339622641509434, 0.5310972032075103, 0.18960564751703993, 0.5939770330442934, 0.39218241042345264, 0.3145785876993165]
 Tipo: M
148 - Coordendas: [1.1692888030177568, 0.47883817427385883, 1.2174834062985456, 1.2485269856233796, 0.5143089284102195, 0.6870721689810287, 0.4805258033106134, 1.4987110382001407, 0.6573289902280129, 0.1854214123006834]
 Tipo: M
149 - Coordendas: [0.7469868433158523, 0.5107883817427386, 0.755119333427482, 0.6708696676879565, 0.3424212331858807, 0.2514668492079014, 0.12787244401168452, 0.39067260370283574, 0.362214983713355, 0.11366742596810937]
 Tipo: M
150 - Coordendas: [0.7690679915355597, 0.18879668049792525, 0.8291201807654286, 0.660971011077068, 0.49354518371400213, 0.9491492274594172, 0.5055988315481986, 1.1431919381298334, 0.9517915309446253, 0.42072892938496564]
 Tipo: M
151 - Coordendas: [1.1794093292851227, 0.49170124481327787, 1.2132467165654568, 1.2803440961583785, 0.3719418615148506, 0.543809896342656, 0.30963972736124634, 1.0183970002343568, 0.673615635179153, 0.0902050113895216]
 Tipo: M
152 - Coordendas: [1.2566933480540987, 0.31701244813278007, 1.2852704420279624, 1.404077303794485, 0.37762932201859717, 0.4313514570702132, 0.37171372930866603, 1.0476915865947973, 0.33289902280130285, 0.06674259681093399]
 Tipo: M
153 - Coordendas: [0.7285858864660962, 0.5319502074688797, 0.8234712611213104, 0.6381098279519208, 0.42285817459600983, 0.9931547036964601, 0.6652872444011684, 1.1379189125849543, 0.639087947882736, 0.3902050113895216]
 Tipo: M
154 - Coordendas: [0.7488269390008279, 0.2892116182572613, 0.7765852280751306, 0.6753476313928825, 0.3261713460323193, 0.37404654801486414, 0.1837877312560857, 0.4779704710569487, 0.3478827361563517, 0.1824601366742596]
 Tipo: M
155 - Coordendas: [1.0211611003772194, 0.5033195020746887, 1.0395424375088267, 1.0375913268913504, 0.190304233998375, 0.3277919029923724, 0.26850048685491723, 0.677056479962503, 0.4625407166123777, 0.03530751708428252]
 Tipo: M
156 - Coordendas: [0.7653878001656086, 0.6456431535269709, 0.8277079508543992, 0.6939665331133631, 0.5016701272907828, 0.7349892431058087, 0.4096884128529698, 1.0254277009608626, 0.5641693811074917, 0.3086560364464692]
 Tipo: M
157 - Coordendas: [1.0561229183917562, 0.36556016597510366, 1.0917949442169186, 1.0976903134574594, 0.41626794258373206, 0.4201056131429689, 0.3249756572541383, 1.0305835481603, 0.698371335504886, 0.19066059225512533]
 Tipo: M
158 - Coordendas: [0.9273162204434628, 0.4684647302904564, 0.9604575624911734, 0.9133867546547254, 0.5350726731064368, 0.4215724623508703, 0.36708860759493667, 1.1640496836184673, 0.43452768729641683, 0.20182232346241458]
 Tipo: M
159 - Coordendas: [1.2263317692520008, 0.7199170124481327, 1.2584380737184016, 1.3486919632335612, 0.42764286359122516, 0.4372188539018189, 0.3697663096397274, 1.093625498007968, 0.4912052117263843, 0.0881548974943052]
 Tipo: M
160 - Coordendas: [1.125126506578342, 0.3676348547717842, 1.1539330603022173, 1.1884279990572708, 0.47548975354337825, 0.5247408566399374, 0.3220545277507303, 1.0539020389032108, 0.5583061889250814, 0.17676537585421417]
 Tipo: M
161 - Coordendas: [0.5694176097157051, 0.5020746887966804, 0.5879113119615874, 0.457223662502946, 0.4018235984472331, 0.41717191472716614, 0.20104673807205453, 0.6154206702601359, 0.44690553745928335, 0.2259681093394077]
 Tipo: M
162 - Coordendas: [1.341337749562977, 0.5261410788381742, 1.3869509956220873, 1.5737685599811453, 0.5269477295296561, 0.471934285155486, 0.5937195715676729, 1.6276072181860792, 0.4338762214983713, 0.09977220956719822]
 Tipo: M
163 - Coordendas: [1.154568037537952, 0.3813278008298754, 1.210422256743398, 1.2650247466415272, 0.5630585898709038, 0.708097007627616, 0.5348101265822784, 1.2444340285915163, 0.476872964169381, 0.311389521640091]
 Tipo: M
164 - Coordendas: [0.579538135983071, 0.43858921161825726, 0.614743680271148, 0.47336790007070473, 0.4646564954410039, 0.6073733620183845, 0.23970301850048686, 0.7215842512303726, 0.5954397394136807, 0.36378132118451034]
 Tipo: M
165 - Coordendas: [0.8619928236268286, 0.5634854771784231, 0.9209151249823472, 0.8212349752533584, 0.40435135867112043, 0.6371992959123802, 0.4408471275559883, 1.0280056245605813, 0.7263843648208468, 0.23530751708428244]
 Tipo: M
166 - Coordendas: [0.6991443555064862, 0.4904564315352697, 0.7572376782940262, 0.5907376855998114, 0.4763925250519094, 0.8185996479561901, 0.34688412852969813, 1.029177408014999, 0.7765472312703583, 0.3961275626423689]
 Tipo: M
167 - Coordendas: [1.2530131566841476, 0.8141078838174273, 1.3601186273125265, 1.3215884987037474, 0.5883361921097772, 1.259632309798553, 0.8554040895813048, 1.781110850714788, 0.8710097719869705, 0.4170842824601367]
 Tipo: M
168 - Coordendas: [1.0699236360290734, 0.4373443983402489, 1.1059172433272138, 1.1200801319820881, 0.3770876591134784, 0.42646195971054174, 0.36270691333982474, 0.9059057886102648, 0.41498371335504874, 0.11708428246013663]
 Tipo: M
169 - Coordendas: [0.6098997147851687, 0.633609958506224, 0.6250529586216635, 0.5175583313693142, 0.3814209623544282, 0.3213866614512029, 0.20995618305744887, 0.5260135926880712, 0.3576547231270357, 0.15626423690205007]
 Tipo: M
